logFC	AveExpr	t	P.Value	adj.P.Val	B
18745	0.935871048948772	2.01958417800527	6.85697389591838	1.5324044397148e-11	4.32459856931914e-07	15.2379486674377
12617	-0.772547759412644	2.52255632468027	-5.51434777381791	4.90777829625583e-08	0.000692512056493179	7.88271595683271
8878	-0.697623555911638	1.80334111920013	-5.20358236081707	2.56252087265692e-07	0.00184975994094353	6.44747641635012
36110	-0.824470484674376	2.14706384175727	-5.199168605958	2.62182054632158e-07	0.00184975994094353	6.4160725725627
8501	-0.871739357732442	1.47645343013789	-4.81152927943612	1.83095702915709e-06	0.00861190638664035	4.67416084092325
12619	-0.681123176739022	1.54356291750952	-4.65498807036301	3.86783983785681e-06	0.0115950576441967	4.0095815056907
12616	-0.711757115168912	2.69387561733659	-4.65219356733217	3.91906110404142e-06	0.0115950576441967	3.97669182082158
27443	-0.688331475583393	1.923213766598	-4.60489835783338	4.89136592355575e-06	0.0115950576441967	3.80149210182202
25649	-0.772583995623673	1.67140222912283	-4.59331858454637	5.16256998001161e-06	0.0115950576441967	3.75211232629462
1336	-0.830103431292896	1.27931814187491	-4.59061168423426	5.22801677759035e-06	0.0115950576441967	3.73417441214927
19334	-0.899469621471113	3.13844986351879	-4.59208890379944	5.19220286643032e-06	0.0115950576441967	3.71976031381841
19338	-0.824882831186136	1.38500669228279	-4.58600373433958	5.34126180413724e-06	0.0115950576441967	3.71682591515502
19229	-0.735898679828221	2.76885413417373	-4.5564306585895	6.12606527577453e-06	0.0118844632994249	3.57457642413029
33466	-0.832600211294134	1.81547549366773	-4.54979331914627	6.31681901744705e-06	0.0118844632994249	3.57021779705503
26682	-0.735062792674874	1.11578353263299	-4.51892549301635	7.28130996508895e-06	0.0128428655327985	3.43553100720654
20676	-0.631818335021063	2.61844548973422	-4.49509186900465	8.1209967609056e-06	0.0130915258038648	3.33144705972625
15507	-0.686108944574474	2.25206577206401	-4.48899979230257	8.35007492539478e-06	0.0130915258038648	3.31554843777428
19132	-0.690896080273957	1.53087000013008	-4.46096500105346	9.48643241400309e-06	0.0132541731870362	3.21037140457987
2558	-0.586837996016012	2.61053101106344	-4.46090349036103	9.48896958859716e-06	0.0132541731870362	3.19158271242158
3685	-0.795935108778122	3.65973515563977	-4.45238619402896	9.86278434243153e-06	0.0132541731870362	3.13149637770256
14461	-0.821131326826158	1.92217636828616	-4.42915558967233	1.09550137614416e-05	0.0134691468311576	3.08144185225004
15771	-0.670276989757783	1.97501547109347	-4.42870505106063	1.09772997808945e-05	0.0134691468311576	3.07979104713081
29694	-0.682445689637351	1.0845159638805	-4.41785335685061	1.15273737528743e-05	0.0135547506116611	3.02659050094414
34575	-0.791159951014615	2.5434963175048	-4.35939233769901	1.49745542432885e-05	0.014911582720976	2.791101911637
38922	-0.833578221233605	2.8310754200156	-4.35574231059254	1.52196500565297e-05	0.014911582720976	2.7797395222355
35745	-0.667442504987664	2.37008190181081	-4.35437695580724	1.53123136037005e-05	0.014911582720976	2.77494486559572
37860	-0.6539362276569	2.45503198365331	-4.34199701678408	1.61774747750981e-05	0.014911582720976	2.72475205465228
31431	-0.754872196815166	1.73882722169554	-4.3315889939807	1.69407716049217e-05	0.014911582720976	2.69574093846505
25056	-0.665659811318088	1.91092712039184	-4.33144832902086	1.69513194341641e-05	0.014911582720976	2.69464153603254
23248	-0.705906028087436	1.54006815243325	-4.32854203056199	1.71706582141192e-05	0.014911582720976	2.68283773390228
13728	-0.698959206835077	1.92546784812382	-4.31668977067132	1.80935352578369e-05	0.014911582720976	2.63715805305265
32941	-0.732519073086505	1.6622733687412	-4.31033389177761	1.86077523385051e-05	0.014911582720976	2.61200959735206
28010	-0.660438424774957	2.71606253245173	-4.30726595691846	1.8860924789323e-05	0.014911582720976	2.58765630075363
20520	-0.64811796546825	2.80089407162971	-4.30519423863948	1.90337435441236e-05	0.014911582720976	2.57307384067809
34171	-0.626102110693756	2.51414470568248	-4.29633241875221	1.97901873714401e-05	0.014911582720976	2.54480886280396
10036	-0.700876307287027	1.44004149085496	-4.28926109979826	2.04142881161495e-05	0.014911582720976	2.52456230479
23045	-0.666461964967316	2.39529568979383	-4.28528932492261	2.07730198253782e-05	0.014911582720976	2.5089428425669
18282	-0.750444548933213	2.80234081236477	-4.28359070965991	2.09282683409034e-05	0.014911582720976	2.49683077987598
25648	-0.673319548201885	1.06438782653302	-4.27570271978929	2.16638280557038e-05	0.014911582720976	2.46871112974475
12293	-0.638382346266322	2.61825103315704	-4.2699079842655	2.22198346030573e-05	0.0149301417222114	2.44196474518991
5287	-1.15142892964119	2.69103049538849	-4.25471606184919	2.37428528087445e-05	0.0151073236393787	2.40294973592103
32696	-0.74857136837377	1.93644857480745	-4.24777603960247	2.4471260881084e-05	0.0151073236393787	2.36797095517612
23707	-0.718928437068305	1.57958683776511	-4.24214198624454	2.50782166603133e-05	0.0151073236393787	2.34590714213253
3054	-0.587885990718351	2.27269857817058	-4.22639839669632	2.68512792609842e-05	0.0151073236393787	2.28160524986517
11848	-0.585052824042199	1.91248167435686	-4.21739884667823	2.79178301701477e-05	0.0151073236393787	2.25130670898832
17403	-0.624375590443772	2.60916193556519	-4.21571877382007	2.81213583248548e-05	0.0151073236393787	2.23532188080319
9789	-0.69459296412156	2.29552422221123	-4.21366507564056	2.83720687745675e-05	0.0151073236393787	2.23467449138028
34407	-0.860265495267305	2.92108128431177	-4.21378065793889	2.83579024043432e-05	0.0151073236393787	2.22205297016484
903	-0.642205852604166	1.15907478225915	-4.18998091354532	3.1421598197261e-05	0.0161227076859073	2.14188806234109
904	-0.824462426969728	1.10252789024777	-4.17832318031064	3.30348797089861e-05	0.0161432029052784	2.09557816716526
1688	-0.623114452188757	1.98653991319636	-4.17646701041663	3.32989174701338e-05	0.0161432029052784	2.09466263249372
1668	-0.779192964545634	2.56579893681056	-4.17403176215994	3.3648376235534e-05	0.0161432029052784	2.09086083678253
15863	-0.595563364906912	2.52893786418182	-4.17241975225185	3.38816173000049e-05	0.0161432029052784	2.07044507970059
37578	-0.808827469419307	1.7181783997492	-4.16541077013113	3.49137546017736e-05	0.0161432029052784	2.05199895156566
31158	-0.82159516161918	3.52366468742231	-4.16304531369946	3.52687932526266e-05	0.0161432029052784	2.03295519056015
26509	-0.61952859774227	1.87451157158057	-4.15848998189865	3.59622188065548e-05	0.0161432029052784	2.02727400187178
1203	-0.659782600450721	2.00963597561133	-4.1490774342628	3.7436338259246e-05	0.0161432029052784	1.99077588378176
4812	-0.646036910010271	3.22122981796406	-4.1508689252844	3.71514114520823e-05	0.0161432029052784	1.99039468899558
6208	-0.864882764857828	1.85819107382923	-4.14239455753285	3.8517663128668e-05	0.0161432029052784	1.96643631408735
25153	-0.78185803036001	2.14351286618152	-4.13862069439432	3.91413526345453e-05	0.0161432029052784	1.9505520231653
13349	-0.794227906278799	3.32636524968018	-4.14266041646098	3.84740841131249e-05	0.0161432029052784	1.94700741021522
36521	-0.700322082027853	2.4291860409525	-4.13474893265794	3.97911971499716e-05	0.0161432029052784	1.93758760692736
20519	-0.633369400961769	2.47917758445753	-4.13201414652155	4.02563788575789e-05	0.0161432029052784	1.92039266552012
34044	-0.699252253583402	4.4794681410855	-4.13175256621751	4.03011431348237e-05	0.0161432029052784	1.91894873469724
7657	-0.629886339681264	2.11081139591837	-4.12993212092834	4.061398980457e-05	0.0161432029052784	1.9183081637725
22098	-0.639816053722729	2.1917821272426	-4.12622448826853	4.12583087506862e-05	0.016171537934071	1.90253758753885
25476	-0.624477936336539	1.27556774789771	-4.11798857686526	4.27245087403041e-05	0.0164159835418807	1.87193391055239
6184	-0.611008676680395	0.945420577340295	-4.11318318939537	4.36027321822823e-05	0.0164159835418807	1.85075251226695
30265	-0.624167815962913	2.66365453470801	-4.11305148331129	4.36270424733728e-05	0.0164159835418807	1.84765597549161
9042	-0.588498345359109	2.03341692019594	-4.1052704405465	4.50863535900485e-05	0.0167418682192731	1.82582553418097
34690	-0.593474850717804	2.50073874309669	-4.08042984660054	5.00619015417777e-05	0.0179917388016921	1.72987393530071
28164	-0.596942180775527	2.10283679513215	-4.07607419767119	5.09864081537048e-05	0.0179917388016921	1.71682224231673
2621	-0.613042000020488	3.3223328818742	-4.07599945507623	5.10024132431652e-05	0.0179917388016921	1.70077448381323
28454	-0.662603417276061	1.34463416453698	-4.06384703349894	5.36691145760388e-05	0.0186987170672888	1.67130728470272
31177	-0.671242099441719	1.79884166935024	-4.05603087753705	5.5453670103589e-05	0.0190848539511389	1.64454960988146
27376	-0.751427070355343	1.93811320167489	-4.04921788553231	5.70550031459083e-05	0.0193168862072789	1.61885426931666
18026	-0.645120076323134	1.42644732944901	-4.04736998738786	5.74968442440533e-05	0.0193168862072789	1.61170763152265
38921	-0.734209944259719	3.49209748571102	-4.02794245587097	6.23428947731677e-05	0.0199929412885633	1.52888995422436
25633	-0.681934427948281	1.79664914779854	-4.01417594610406	6.60087645500738e-05	0.0208736711643248	1.49070486006427
29704	-0.82195685970301	1.5317221580636	-4.00534002540135	6.84684081246671e-05	0.0208736711643248	1.45751568725041
19169	-0.585164622464743	1.45361205648191	-3.99525716217731	7.1381285319559e-05	0.0208736711643248	1.42111618898653
34045	-0.689947290900837	4.92601538448284	-3.98486883876537	7.4505049391016e-05	0.0208736711643248	1.37470305063328
6194	-0.590351497511789	0.945420577340295	-3.97900385409808	7.63254188081458e-05	0.0208736711643248	1.35869957625297
545	-0.682351175790432	1.12110263725969	-3.97353934231421	7.80593493200807e-05	0.0208736711643248	1.33895561163448
21267	-0.631327936304171	3.37322828826232	-3.96697971572178	8.01900640232594e-05	0.0208736711643248	1.31241434110417
37248	-0.654955746707276	2.66363107959685	-3.9631215254063	8.14689021764033e-05	0.0208736711643248	1.30204596744966
10152	-0.598231409102005	1.07683363085585	-3.96266593502526	8.16211813352246e-05	0.0208736711643248	1.30044801821229
32773	-0.721240796424645	1.51698766266578	-3.95315124485677	8.48637124627551e-05	0.0208736711643248	1.26848739053417
24533	-0.595683459474837	1.57579393273045	-3.94667469280698	8.71402422593111e-05	0.0208736711643248	1.24558353631295
8633	-0.658412051584791	1.69664425116724	-3.94595588109928	8.73964419520045e-05	0.0208736711643248	1.24312530559071
4475	-0.752086543148794	1.83576725262449	-3.94369808680541	8.82058135670809e-05	0.0208736711643248	1.23490786767902
12027	-0.687277569271787	2.7505342034857	-3.94329819458543	8.83499042068365e-05	0.0208736711643248	1.23390921028586
15347	-0.71406598562365	3.06880179075066	-3.9420308479356	8.88080328733135e-05	0.0208736711643248	1.22928138826329
24532	-0.630865840107385	1.66973729241245	-3.94037001419141	8.9411807208043e-05	0.0208736711643248	1.22293213469767
13127	-0.61618469499994	3.98173751285606	-3.93841283856676	9.01283004982263e-05	0.0208736711643248	1.21588868294816
8722	-0.60742119226945	1.67611747836695	-3.93263802098133	9.22741861329177e-05	0.0208736711643248	1.19524022940113
2397	-0.645192026398197	1.18989684942299	-3.93143800482007	9.27261318161214e-05	0.0208736711643248	1.18879253761469
36396	-0.598547115953939	2.25779632839507	-3.9309209189185	9.29215199743523e-05	0.0208736711643248	1.18758829766352
19117	-0.630632413379347	2.55345357231648	-3.92932086094732	9.35285956417598e-05	0.0208736711643248	1.1817093761987
3806	-0.614143070614761	1.8958933951147	-3.92820088029967	9.39557569799125e-05	0.0208736711643248	1.17938824327466
38677	-0.67803100154506	1.55147842870139	-3.92582174373458	9.48692956505598e-05	0.0208736711643248	1.1706426928876
17728	-0.596219205509046	1.57525803254593	-3.92492345337241	9.52164012933329e-05	0.0208736711643248	1.16750741504852
20517	-0.601752894210258	2.5330572008585	-3.92518915520348	9.51136072957846e-05	0.0208736711643248	1.16571947544585
33799	-0.729302470054929	1.75196602670047	-3.92431979506187	9.54503338437405e-05	0.0208736711643248	1.16536264973573
14366	-0.633906754281533	1.58815027064902	-3.92220910559897	9.62725607403011e-05	0.0208736711643248	1.15774387794895
6875	-0.694340064026471	1.81014814334663	-3.92152573360183	9.65402038974533e-05	0.0208736711643248	1.15540941985899
22991	-0.595945965470265	1.17734516451361	-3.92062465195557	9.68941895229279e-05	0.0208736711643248	1.15042740346439
25539	-0.602796789585271	2.99770835732246	-3.91727444963488	9.82211014616548e-05	0.0209992250329497	1.13262096990111
20986	-0.709218227884999	1.68538942364608	-3.91174371361919	0.000100449344330568	0.0213141424537817	1.12040242607632
35793	-0.613755123822742	1.31664706423552	-3.90294857328242	0.000104091512244758	0.0219221385601441	1.08831659584451
14361	-0.618423259334564	1.54657883512751	-3.89660392764171	0.000106796069187119	0.022009525166029	1.06639289110486
10075	-0.597707466974034	1.680146924403	-3.89648790206077	0.000106846141091598	0.022009525166029	1.06605619766661
34306	-0.586630563359917	1.80331658956504	-3.88956738364832	0.000109873231667255	0.0224690758759537	1.04142975116823
9758	-0.613391242280041	1.56372442408834	-3.88297825597448	0.000112830573003122	0.0227453904474228	1.01804018022208
32829	-0.693972259200848	1.18974359732405	-3.88018863018388	0.000114105151816585	0.0227453904474228	1.00643779319016
25078	-0.651649452785433	2.88300518383494	-3.87679931422407	0.000115672042219505	0.0227453904474228	0.991539885425162
3674	-0.586003900607505	0.865345321065573	-3.8748700474811	0.000116573007226699	0.0227453904474228	0.98812201632145
8611	-0.621711358990206	2.05601158862041	-3.87316357271704	0.000117375452268783	0.0227453904474228	0.983084064360868
6646	-0.630761404945003	3.73605679256837	-3.87110967462319	0.000118348190616621	0.0227453904474228	0.967030136465892
28866	-0.591747657013797	2.54326925339406	-3.85875106403874	0.000124364031591607	0.0227453904474228	0.93141803024553
38164	-0.675201039452134	1.73199935821361	-3.85783388169141	0.000124821818878389	0.0227453904474228	0.929198005392714
34162	-0.695305426196747	1.6252399765636	-3.85477604780931	0.000126359582596009	0.0227453904474228	0.917924611225087
39094	-0.679036591899894	3.63004890904552	-3.85502872045428	0.000126231840136202	0.0227453904474228	0.91193033549098
34705	-0.695656229688158	1.78202336795324	-3.8467677281048	0.000130472150526027	0.022840034720114	0.890148860849637
8911	-0.589342841058228	2.29163206478334	-3.84585194544648	0.000130950410846887	0.022840034720114	0.886195541655979
16927	-0.659310816140435	1.232873616924	-3.8417242379946	0.000133126694655412	0.0230488861955238	0.871711145186427
13126	-0.604894505636395	3.89927960958148	-3.82991703782096	0.000139541994693048	0.0238482845983346	0.831115125804958
27787	-0.586688627638437	3.47357344836649	-3.82618267581622	0.000141631020806669	0.0238482845983346	0.817939705162788
11467	0.902277497414582	4.6470275183869	3.8229912270803	0.000143439695220494	0.0238482845983346	0.805752358906419
13069	-0.614710563064913	2.6859638674338	-3.82144265737062	0.000144325142483584	0.0238482845983346	0.799645841204979
36433	-0.612640153190807	2.15771329745127	-3.81884624687791	0.000145821312640433	0.0239257166513119	0.792442172627584
15060	-0.665486544130197	1.39648518837919	-3.81374082918725	0.000148806071927838	0.0240224950597256	0.774712406970836
31444	-0.638420137254442	1.13268544461304	-3.81208148829996	0.000149788513206416	0.0240224950597256	0.768648401026701
14151	-0.653684459864852	2.22195492211652	-3.80938281445039	0.000151399389616622	0.0240224950597256	0.759587488252543
17818	-0.674666977474977	2.0162961228493	-3.80827483609459	0.000152065478222503	0.0240224950597256	0.755536032431697
37588	-0.628613777956163	1.33698184771385	-3.80210671553639	0.000155824415173057	0.0242956951414301	0.734348830610533
4477	-0.679453247986599	1.45321305006267	-3.79959615495059	0.000157379338555424	0.0243183854955683	0.725619070708857
27214	-0.63478264821129	3.30019599086799	-3.79771330046756	0.000158555080655702	0.0243183854955683	0.718346473648121
317	-0.592678304869863	0.786562895184928	-3.79346462902532	0.000161238655444021	0.0243612826789027	0.704129391948178
8612	-0.608331569757201	2.02465016291344	-3.79336662724501	0.000161301058441397	0.0243612826789027	0.7040550592782
23210	-0.611832103650982	2.38945215251117	-3.79105291757792	0.00016278095415021	0.0243612826789027	0.696055268423003
25156	-0.707201002495189	2.08979548352167	-3.79071351593763	0.000162999116060538	0.0243612826789027	0.694897132014726
8714	-0.596581902161437	1.70522753688539	-3.78943035856962	0.000163826402863849	0.0243612826789027	0.690192416774809
13969	-0.603186993630166	1.84176954797878	-3.78189155859729	0.0001687673882926	0.0243768148259744	0.664194712869625
27351	-0.6437512033623	2.52213048486724	-3.78184296759489	0.000168799686113723	0.0243768148259744	0.663806141035619
24831	-0.663530128991504	2.95416550125917	-3.77903551722882	0.000170675687514786	0.0243768148259744	0.652184358513169
26129	-0.602283560418395	1.73144706756939	-3.77215118034038	0.000175359477001964	0.0243768148259744	0.630489407553865
27097	-0.594393787719012	1.37607398102766	-3.76665264889914	0.000179187162171321	0.0243768148259744	0.61191666734084
20919	-0.738283286305186	1.60027763129683	-3.76477163098682	0.000180514567010269	0.0243768148259744	0.605367661928682
11461	-0.605957643622432	0.979898352870247	-3.76409791833303	0.000180992244830569	0.0243768148259744	0.602998141742821
34550	-0.636523952654153	2.60928711949139	-3.76381067432693	0.000181196269378384	0.0243768148259744	0.601554068703947
15701	-0.71276538966433	2.08670192057709	-3.76342515114903	0.000181470440553219	0.0243768148259744	0.600642857281851
34164	-0.58517756191431	1.24692515325883	-3.76122064043594	0.000183045737512152	0.0243768148259744	0.593382653889752
6979	-0.6460051118464	3.4738806828795	-3.7525689165102	0.000189353433866934	0.0249707628839194	0.560719437335368
29596	-0.69906959213181	1.82654384401302	-3.74814902158779	0.000192654308121599	0.0252113129391948	0.548262821396724
20415	-0.589115388559623	1.16704225890321	-3.74316136907246	0.00019644425159852	0.0255301216567295	0.531665632802119
3215	-0.643435311520865	2.55805754825651	-3.73772457680849	0.000200655401706624	0.0257601013890793	0.513089650840846
12471	-0.875071617658009	2.72986606725806	-3.73751964326796	0.000200815786315065	0.0257601013890793	0.511887013454367
31091	-0.891231035268576	2.75623312186403	-3.73275899329344	0.000204575697346587	0.0257737980125805	0.496144072191871
29217	-0.624654709191654	2.80335565952901	-3.73019079451313	0.000206631451996912	0.025917094252466	0.486076168726104
8316	-0.714590364991794	2.02326942473369	-3.72686113353343	0.000209325686175458	0.0260237012755841	0.47510366247041
30573	-0.629653133097086	1.69942031764771	-3.72281667449705	0.000212642781428448	0.026226554516763	0.461416512455071
33084	-0.596780973532928	1.84425154612957	-3.71843192215103	0.000216294825124878	0.026226554516763	0.44666854028337
35940	-0.658288578456364	0.766108388623994	-3.71740276783613	0.000217160514508111	0.026226554516763	0.444190646000839
20255	-0.628176377026484	1.79474558584386	-3.71704447670466	0.00021746266102982	0.026226554516763	0.44179386949178
32321	-0.740844305910246	1.99331558469171	-3.70984490582453	0.000223618527067598	0.0264882696976021	0.417026110438549
16928	-0.635521594132717	2.42424941344182	-3.70677327446195	0.000226294443001855	0.0264882696976021	0.406810762809973
38571	-0.604010847014599	5.14465324810928	-3.70635756684266	0.000226658900829074	0.0264882696976021	0.405985857789613
7183	-0.644112240315581	2.2348033047339	-3.70504113665756	0.000227816683081767	0.0264882696976021	0.402131434187243
29695	-0.703845908992764	1.62985356602061	-3.70186615012778	0.000230631967240278	0.0264882696976021	0.391229772936081
15023	-0.630468843955772	2.63681345313994	-3.69919837420988	0.000233022767554291	0.0264882696976021	0.382785271205027
3847	-0.62684087251348	5.3659604620592	-3.69591812482135	0.000235994402281966	0.0264882696976021	0.370219628611731
13505	-0.713653887028895	1.96331861238773	-3.69293568880964	0.000238727136943586	0.0264882696976021	0.35977485555312
26683	-0.638589268230551	1.27803643834599	-3.69218507126234	0.000239419581223658	0.0264882696976021	0.359057508676742
27045	-0.592918064411062	4.29630766422449	-3.6882131002532	0.000243115265658999	0.0264882696976021	0.345433242359294
33467	-0.66198276564841	1.43418863896258	-3.68662278058901	0.000244609944989358	0.0264882696976021	0.340317390338845
3684	-0.649402642800906	3.60915825136415	-3.68656997182857	0.000244659725759077	0.0264882696976021	0.33742013715514
11648	-0.640707118744046	1.1573738872351	-3.68569344070638	0.00024548738982349	0.0264882696976021	0.337392702275297
6491	-0.645627715502266	1.34424628896501	-3.68422076786529	0.00024688388896936	0.0264882696976021	0.332255543935621
11618	-0.599935012958229	2.38136642164987	-3.68282258544469	0.000248216658192788	0.0264882696976021	0.327188761378951
24083	-0.616482226459308	1.46033960220767	-3.68234259864579	0.000248675746250572	0.0264882696976021	0.325275519348897
17782	-0.712170816922613	3.55083652597722	-3.67998940527312	0.000250938051801641	0.0264882696976021	0.31671229910407
19950	-0.639749576661109	1.28250429558266	-3.67951461753076	0.000251396840642336	0.0264882696976021	0.315555501057734
318	-0.605993725045383	0.947771785265197	-3.6784174831267	0.000252460022367092	0.0264882696976021	0.312660060191949
4869	-0.594873041198223	3.77753268088685	-3.67839302397255	0.00025248377267478	0.0264882696976021	0.310101092344323
20311	-0.630748060215959	3.6035797827384	-3.67439980813766	0.000256389543171674	0.0267920143376487	0.298364241973215
21869	-0.639943977679156	4.31387388941847	-3.66928561823534	0.000261474688587821	0.0267920143376487	0.282424843988348
26020	-0.600761927146707	1.45499852110836	-3.66938157915489	0.00026137840639888	0.0267920143376487	0.281311669876803
21852	-0.609374607595759	2.05724454892113	-3.66766401085835	0.000263106772940825	0.0267920143376487	0.275375506882232
21820	-0.66766373573632	1.35765877994918	-3.66441810199601	0.000266402447282164	0.0267920143376487	0.265239630108337
3497	-0.593658323818042	1.84018546040265	-3.663256628369	0.000267591120493114	0.0267920143376487	0.26038131246832
7164	-0.605761934955418	1.41934369441688	-3.66059285459714	0.000270336117902386	0.0267920143376487	0.252487950725333
37007	-0.608753099701324	1.10161875822827	-3.65828083559396	0.000272740054392467	0.0268985461586307	0.245540530027208
13345	-0.590530327746282	1.13392532389212	-3.65520151498447	0.000275972986188495	0.0268985461586307	0.235367791705263
25157	-0.679737112403275	2.75261544172958	-3.65339348236242	0.00027788794590598	0.0268985461586307	0.229773248801556
15995	-0.650685084895806	3.07756181144252	-3.65256440466086	0.00027877022197636	0.0268985461586307	0.226890872826821
35862	-0.65490456683404	1.37705273566593	-3.65172483591473	0.000279666342428371	0.0268985461586307	0.223433281384248
38570	-0.600421340404711	5.3800731566978	-3.65069856292956	0.000280765417474335	0.0268985461586307	0.220122024795389
19993	-0.607829196289842	2.04727554427767	-3.65097229996233	0.000280471866027849	0.0268985461586307	0.219628713515366
7843	-0.594341083557938	2.22371940897236	-3.64308234930306	0.000289049552674133	0.0274317264324539	0.194714046296743
7456	-0.594339289808093	1.81934436062754	-3.62905730821384	0.000304908113688848	0.0276682053903954	0.146041501125536
13489	-0.65832793029225	1.47154826260766	-3.62684291851904	0.000307485408314232	0.0277553419224212	0.140992293762733
12954	-0.613715242071966	1.32796229174685	-3.62186273367623	0.000313356642996077	0.0281631777770455	0.124141275603101
31950	-0.617014695659591	3.76737541477722	-3.61851834381721	0.000317358263139699	0.028176039171301	0.114098859389894
4681	-0.669677090686876	2.20531778533957	-3.6182390232601	0.00031769463504	0.028176039171301	0.109530133727286
15776	-0.607126838121905	2.27609462369505	-3.61757818739673	0.000318491779017222	0.028176039171301	0.108329172199053
10813	-0.657479821749031	3.14456226409637	-3.61535669430076	0.000321185267641471	0.0282691979988411	0.104177935174489
5914	-0.760494248070428	1.84687764918396	-3.6150586742143	0.000321548228540023	0.0282691979988411	0.100374323719493
6213	-0.669680136027879	1.83177531137236	-3.60620505433852	0.000332508254616488	0.0285810931308569	0.0705277849670756
28265	-0.63845767102402	2.46411287635096	-3.60155847311254	0.000338399553279259	0.0285927359074669	0.0584926527276819
16600	-0.672949422935979	2.00507004160415	-3.6017992651494	0.000338091869439459	0.0285927359074669	0.0563646416029862
8046	-0.813406682712389	1.82340895106328	-3.59868118040599	0.000342096524068189	0.0286384910122898	0.0461826176314322
24018	-0.604850874291469	2.67261294685077	-3.59685149617012	0.00034446710436064	0.0286384910122898	0.0436046047131962
1402	-0.621640303357465	2.69417843099268	-3.59394479489499	0.000348264780045417	0.0286384910122898	0.0336516063154653
38996	-0.625374080123708	1.69165122760082	-3.59281411518598	0.000349752614961641	0.0286384910122898	0.0265433730671409
20032	-0.636834630633122	2.74393218741146	-3.59187882190742	0.000350987845756057	0.0286384910122898	0.0205432180768055
30506	-0.614988740426062	3.06643351403948	-3.58735671903191	0.000357018024593124	0.0286384910122898	0.0129501236468714
35350	-0.622328644834801	2.68201797933141	-3.58631549546623	0.00035842017037143	0.0286384910122898	0.00619076006431118
18095	-0.755372332680579	1.98723813172999	-3.58552113192837	0.000359493354872443	0.0286384910122898	0.00251228701163608
20843	-0.670835910896216	1.80727746259188	-3.57829038600695	0.000369401487851521	0.0290386612497431	-0.0215262257909563
38712	-0.633023269870289	1.45825693601838	-3.57350207457115	0.000376102998910111	0.0292015514126457	-0.0343174355072904
18653	-0.666700672939513	1.78392150925478	-3.57400874528717	0.000375388534027565	0.0292015514126457	-0.0355360948238816
18303	-0.688385378053823	2.3661713828619	-3.57468716264701	0.00037443387706484	0.0292015514126457	-0.0373903510608571
24384	-0.734347667589431	1.90576789464407	-3.57264041672181	0.000377320962979218	0.0292015514126457	-0.0394741613345149
10100	-0.631780882985739	2.12089606958825	-3.56961943228811	0.000381620408125476	0.0293419332941416	-0.0479395651817276
34155	-0.631974509666222	1.49823142836284	-3.56820299196202	0.000383652038613755	0.0293419332941416	-0.0513901705082009
1243	-0.622832168171936	1.4266550958859	-3.56431495647557	0.000389280917274942	0.0294528063442792	-0.0641192933063
13499	-0.633097711881873	1.25100628302722	-3.56117104707533	0.000393888945971769	0.0296367380682778	-0.0739419338553251
19046	-0.598313683074401	3.10533679717794	-3.55569189631677	0.000402042025960891	0.0296367380682778	-0.0894587271028264
30583	-0.599093445456197	1.34450604580023	-3.55509484683047	0.000402939930174601	0.0296367380682778	-0.0938972357851391
23796	-0.609847165083459	1.96808078396942	-3.55599316913611	0.000401589652432151	0.0296367380682778	-0.0948218815734068
36052	-0.588690886940242	1.77713607247225	-3.55141732824775	0.000408512085337012	0.0296367380682778	-0.109610559512081
30292	-0.643090342050545	2.02475612113539	-3.55040233146325	0.000410062656160378	0.0296367380682778	-0.113290642224076
25624	-0.631887651303219	1.18426079491632	-3.54813124181865	0.000413552086462035	0.0296367380682778	-0.11690958933613
13835	-0.622222532764697	4.16325244172792	-3.54669791550688	0.000415768613977986	0.0296367380682778	-0.119763988082822
31170	-0.621873918271947	2.12815716137291	-3.5466946668831	0.000415773650326638	0.0296367380682778	-0.122378841960329
6230	-0.662570360918728	1.8632944520117	-3.54679164754157	0.000415623325584125	0.0296367380682778	-0.124114463957532
5658	-0.650811271016622	1.92962395419915	-3.541804799868	0.000423419486700808	0.0298501492254821	-0.139782919272594
37011	-0.609278098307459	1.1757561605172	-3.53921965249591	0.00042751461597913	0.0298696966368635	-0.145209392188608
31128	-0.691322026670293	2.62948116186246	-3.53836974762142	0.000428869023919158	0.0298696966368635	-0.147115212677451
28323	-0.710265561397674	2.09095082941963	-3.53331750589127	0.000437003498151201	0.030048007095958	-0.16848534755382
14437	-0.684496080055628	2.68979520264312	-3.53344654136728	0.000436793957714996	0.030048007095958	-0.174088366911597
2298	-0.700086315799974	2.08888713658452	-3.53062474091526	0.000441397789035724	0.0301744668384998	-0.178599834020558
12064	-0.648580534423798	1.32264340776085	-3.52762470715605	0.000446342169046703	0.0303523430184747	-0.185137102591652
31130	-0.664198588077691	2.48411365622933	-3.52623734936645	0.000448646159057031	0.030383606045363	-0.186084984461793
6114	-0.591358789801013	2.50897916184158	-3.52605178688956	0.000448955165334906	0.030383606045363	-0.19059669230433
4029	-0.597841363037576	2.95807748237339	-3.51888025643622	0.000461051128382734	0.030473977225199	-0.209861833334963
37587	-0.58812205925641	1.35829097853865	-3.51871303427291	0.000461336778192028	0.030473977225199	-0.213248701391553
11562	-1.04250891814506	1.47948224324423	-3.51810454143338	0.000462377606215232	0.030473977225199	-0.21580332810054
18799	-0.614833988891769	1.98280232224521	-3.51553604506543	0.000466795264726243	0.030473977225199	-0.224876322524007
15297	-0.604671500742486	1.53083232022883	-3.51545929223087	0.000466927880193024	0.030473977225199	-0.225083083640998
35410	-0.589529626332381	1.09574716254691	-3.51275811744102	0.000471617533200691	0.030473977225199	-0.23145115812926
8671	-0.602203596766838	1.57908704947953	-3.51272293166807	0.00047167891059888	0.030473977225199	-0.233513449492429
9172	-0.631272440576969	3.79996234468784	-3.51001985604352	0.000476416489895535	0.030473977225199	-0.235339810947931
37797	-0.6367289762265	1.90799442707953	-3.51071646225364	0.000475191337998788	0.030473977225199	-0.239903350527531
9540	-0.677889184634698	2.09706825436628	-3.51146019910954	0.000473886546496798	0.030473977225199	-0.240196855581907
10258	-0.587222904789689	1.78769506381851	-3.50614591833051	0.000483283794325901	0.030473977225199	-0.255891374405433
26005	-0.592788341318409	1.75265867741829	-3.50389572358084	0.000487315064374905	0.030473977225199	-0.263106536509617
23972	-0.680024648929082	2.12828866050915	-3.50331342668108	0.000488363367778565	0.030473977225199	-0.265386928720694
38168	-0.884152806434729	2.55811655703368	-3.49607317777376	0.000501575151527194	0.0309060095005435	-0.282297028682559
20270	-0.585361776848776	1.24189775466689	-3.4937694234914	0.000505848515713637	0.0310531738501689	-0.291998513566321
34642	-0.708107714701042	2.79740484250732	-3.48870989072386	0.000515353393103682	0.0310707173733311	-0.309160689028939
24076	-0.632922672668014	1.46399628929196	-3.4885552017009	0.000515646604463639	0.0310707173733311	-0.310764412717046
35544	-0.738225062128852	1.87428880355731	-3.48052416797261	0.000531085168058364	0.0313231319790389	-0.337629507743039
17461	-0.608263129780582	2.885392030457	-3.47902554485642	0.000534013432106709	0.0313231319790389	-0.343940420744575
37823	-0.630133266676984	2.17893746421366	-3.47681555464466	0.000538359205653187	0.0313905684767326	-0.346675430320487
19224	-0.662998807132986	2.3648094080409	-3.47550592996165	0.000540950039166931	0.0314766001140824	-0.348666847860597
25646	-0.610202267862745	3.90302361972193	-3.47264348310651	0.000546653405463546	0.0316671140280072	-0.360208020082337
5471	-0.624771431464546	2.17762432592546	-3.46954979653869	0.000552880605236109	0.0317386101632207	-0.371211722915354
28606	-0.603872663708001	3.96783046686161	-3.45953398770538	0.000573498335542077	0.0323693930546659	-0.394010476064059
23625	-0.638071005483105	4.00395889605388	-3.4537812372651	0.000585662612934537	0.0324714825139992	-0.416249439664494
17552	-0.680495958368931	1.92319648880564	-3.45481270697009	0.000583463994244872	0.0324132625621742	-0.419246127109993
22841	-0.613392182080591	5.31940804937198	-3.44533982613549	0.00060394845821216	0.0328285895264734	-0.439306456001733
27434	-0.643056771945218	2.95445953849099	-3.4454735356083	0.000603654710959675	0.0328285895264734	-0.44052934979251
7810	-0.677271095217421	2.19567254069135	-3.44385205614458	0.000607225957011415	0.0328285895264734	-0.450774152506824
17562	-0.591291085016415	3.77442504232547	-3.4447573715989	0.000605229612477088	0.0328285895264734	-0.453780676139435
1325	-0.621461225016241	1.69436261692666	-3.44319094209491	0.000608687681935486	0.0328446942101364	-0.455164652113194
16859	-0.612225072726017	3.12647713781094	-3.43879682377563	0.000618486786403804	0.0331831095039957	-0.460874254819247
14322	-0.587671636989489	4.07476317305471	-3.43390235168399	0.000629574779672314	0.0334933791052201	-0.479314616250258
19151	-0.634946155947079	1.50024898193979	-3.4326409281678	0.000632462308952418	0.0334933791052201	-0.485003374871401
35418	-0.601166104759485	1.29655482959119	-3.41712001464667	0.000669016543226638	0.0342743494311694	-0.5324948849103
1232	-0.635609508798471	1.63951997694258	-3.41770211460838	0.000667610801220917	0.0342743494311694	-0.536604094738321
12576	-0.587092778409149	1.62876761620756	-3.41297531759818	0.000679105784807166	0.0343789094439556	-0.551000728072574
13711	-0.953973807530358	5.33686719340574	-3.40692389805652	0.000694091257400762	0.0343789992481651	-0.556698583357482
2198	-0.690047414408864	1.95256302612139	-3.40328977480353	0.000703238065220745	0.0343935561933165	-0.580387706815763
35543	-0.71436188120048	1.84983919434828	-3.40141595725148	0.000707998060802866	0.0344062275860099	-0.587297123142108
27127	-0.661394216269028	1.5533515274362	-3.39984267025882	0.000712017780398759	0.0344663015105204	-0.590400589568782
21285	-0.609137139342456	2.24049066294108	-3.39723392595791	0.000718729937211861	0.0345812830801077	-0.596192178821927
36348	-0.615179046980804	1.41538281132663	-3.39701549633662	0.000719294609263429	0.0345812830801077	-0.596744209890131
6068	-0.588171897999291	1.25834993919378	-3.38847799420207	0.000741691597119151	0.0346101408082028	-0.621575919613067
35737	-0.587760239954131	6.15097537284558	-3.38311320381893	0.000756095695059216	0.0346101408082028	-0.629478373901352
11561	-1.02923435313715	1.55099023222244	-3.38551320848663	0.000749619964241937	0.0346101408082028	-0.634881480230344
31901	-0.691841266318857	2.02248376367797	-3.38496381636015	0.000751097771129363	0.0346101408082028	-0.637248293841311
2061	-0.592560805031941	1.49996463182634	-3.38332077776177	0.000755533565978036	0.0346101408082028	-0.642965441520731
12265	-0.621773173894768	1.91094787788305	-3.38289510202591	0.000756686753788354	0.0346101408082028	-0.644513526824967
160	-0.689435090256873	3.20090848297472	-3.37862141299137	0.000768355615091545	0.0347305147126149	-0.645480542393199
17617	-0.617059211717134	3.67381675397451	-3.37885277266936	0.000767719649485953	0.0347305147126149	-0.656874846614089
13710	-0.949168143093966	5.33523248657069	-3.37395956790379	0.000781275084084351	0.0348012686108373	-0.657016797247759
7129	-0.640880952084632	1.42942135086124	-3.37788089328798	0.000770394465472411	0.0347305147126149	-0.659086399256032
22913	-0.587383270329022	1.40380597721706	-3.37368651613548	0.000782038027582417	0.0348012686108373	-0.669246909126397
26947	-0.708174543129457	2.4377750762416	-3.37439512974922	0.000780059498475161	0.0348012686108373	-0.670229555263581
17457	-0.591540534520087	2.82867501337457	-3.37383725860006	0.000781616747139826	0.0348012686108373	-0.67418310539049
17778	-0.665498817102832	3.48172956104987	-3.3700889295395	0.000792155103787154	0.0349303268499645	-0.683481985996264
28408	-0.59014495627198	1.15696635242587	-3.36219587998563	0.000814779811134296	0.0353187716571377	-0.702770314062461
8040	-0.751584537958509	1.96297152787821	-3.3629939232925	0.000812465283056538	0.0353187716571377	-0.706767891573619
34897	-0.600526617832204	1.55925251801286	-3.36175201013687	0.000816069798084853	0.0353187716571377	-0.7101901458477
22193	-0.592946541359906	1.72378449523283	-3.36135201553021	0.000817233900007473	0.0353187716571377	-0.712095970134718
29190	-0.674418845165557	1.87092690862545	-3.34970546358314	0.000851813408030207	0.0356343473108702	-0.747370790183829
12418	-0.631709698044391	1.86004880029325	-3.34775212889544	0.000857744476838396	0.0357026650160124	-0.753357130681217
35021	-0.69956155523654	1.70398074068695	-3.34671377764791	0.000860912907631671	0.0357817719680021	-0.756795537431026
35520	-0.605790767335866	1.31765796656869	-3.34499357485317	0.000866185887884351	0.0358952010895511	-0.758387554393354
20347	-0.609237399746508	4.39035577852543	-3.3429691699737	0.000872429780724231	0.0359428333457205	-0.761891761997332
15205	-0.720789076854632	1.62029113328889	-3.34209303045506	0.000875145011225616	0.0360021390113675	-0.770615867132192
16896	-0.725540574310579	1.61473005530992	-3.33345480202886	0.000902339116324238	0.0361810888177674	-0.796177896780786
34744	-0.67253031629256	3.21429641570696	-3.3248868552572	0.000930085498802874	0.0367104095968055	-0.817281066024176
27338	-0.585389495215628	2.71042930330686	-3.32630657979975	0.000925433778768458	0.0367104095968055	-0.822811987803898
30884	-0.588593820343908	1.03158958677738	-3.32221410236279	0.000938901718053303	0.0369035451047107	-0.82453175922987
18658	-0.679564931732544	2.45693431555472	-3.32500335849523	0.000929702960441732	0.0367104095968055	-0.827886051796382
29186	-0.638408805121827	1.95328941487173	-3.3203633297892	0.000945051985076711	0.0370421000984026	-0.835914581957438
36927	-0.588791093465776	1.42444482150163	-3.31856152963138	0.000951075422021133	0.0371048572246533	-0.83710640064166
27099	-0.730955710480689	2.31281453063755	-3.31635918934782	0.000958486266141252	0.0371048572246533	-0.84442150787603
22150	-0.620520342411045	4.2872032282154	-3.31272894253287	0.000970819085285156	0.0372754903480713	-0.845140944813038
28444	-0.712022529982468	2.83806823598991	-3.30878208639339	0.000984394492013711	0.0374639320198579	-0.860235290014917
17801	-0.633168690679031	1.69591276948607	-3.31173751671707	0.000974212707120935	0.0373042833211125	-0.863781907601556
7538	-0.698920470450547	1.99586382253807	-3.30756479763969	0.000988616825517746	0.0374639320198579	-0.874733355315217
1242	-0.589840600459247	1.25636709925698	-3.30493148944842	0.000997808374303343	0.0374639320198579	-0.876989454502264
454	-0.688048263270309	3.53694252256301	-3.30007014840943	0.00101498546347527	0.0377887925656143	-0.88415257305218
34715	-0.632799353114993	1.66109771093356	-3.30381038869366	0.00100174558068001	0.0375166816014496	-0.887878109867872
25725	-0.749806154182812	1.90361745098051	-3.28476949944935	0.00107085543271464	0.038893965465431	-0.944625941835977
21007	-0.60110663745378	2.36989979823848	-3.27900424406056	0.00109263674770886	0.0391617359630721	-0.965640790807728
33137	-0.640937517637956	1.98131548688928	-3.27663613979075	0.00110170191275174	0.0391617359630721	-0.969967375344686
34028	-0.663889235176475	2.25316274527251	-3.27741400236408	0.00109871657594259	0.0391617359630721	-0.973830771100319
17665	-0.613224553649996	1.23806072319816	-3.27066745812691	0.00112486030209831	0.0396046425698499	-0.981881218846826
28090	-0.700436750927832	1.70320025895719	-3.26274036989493	0.00115631480380136	0.040028568755482	-1.01189033952525
25146	-0.595404762486307	2.15730974739851	-3.26008112565349	0.00116704778886851	0.0400672209849857	-1.02301404836852
12417	-0.630649589911121	1.90785932306303	-3.25333555926217	0.00119468880182862	0.0404945287875716	-1.03964332314003
3965	-0.651518608031064	2.55424151386784	-3.24781648615335	0.00121775355649158	0.0408149918263051	-1.04808692954399
33549	-0.606934596211108	2.54758544844264	-3.24808160225852	0.00121663625226352	0.0408149918263051	-1.05651511521564
25192	-0.678652997558732	1.32317695898909	-3.24579489038119	0.00122630464546298	0.0410141031454108	-1.05930504221686
23186	-0.592195836071632	2.88656208901808	-3.24369304462171	0.00123525408262744	0.0411086149361192	-1.06480521852901
14025	-0.590855666248968	2.17431796412152	-3.23459517915529	0.00127469324027993	0.0418060480282619	-1.09846694542203
36208	-0.661560498638738	2.41334072124854	-3.22847924999271	0.00130185704609581	0.0420362788305146	-1.10567334376986
22200	-0.713757675892525	1.96531838711638	-3.22907409325772	0.00129919174460512	0.0420041179376761	-1.11208512071841
12852	-0.597612497096486	1.69938394475639	-3.21857854918672	0.00134696803958466	0.0427590382959716	-1.14276436660465
14501	-0.693896658104619	2.91300087836527	-3.20942470732867	0.00138995751548743	0.0431054846643633	-1.15796129517458
32582	-0.5942732544037	3.51797917938722	-3.2099168663622	0.00138761429480574	0.0431054846643633	-1.16260989925529
28442	-0.63269464897203	2.06801966769552	-3.20459435465733	0.00141315017384772	0.043320399680866	-1.18182297156864
36920	-0.625904138227431	3.7084173488154	-3.19720077511554	0.001449343333825	0.0439333171040552	-1.18307994435573
2625	-0.611419362787691	2.30346256179892	-3.19970578240802	0.00143698597136085	0.0437308464546881	-1.20443377213973
34228	-0.642201888905408	2.18994833211297	-3.19603889179384	0.00145510823537763	0.0439866743065443	-1.21192606759219
38193	-0.715769543072602	4.55067946482577	-3.18842775991562	0.00149339911988917	0.0442736690920339	-1.21504522139147
4465	-0.603907554450433	1.60253162845513	-3.18320478717037	0.0015202113549308	0.0449234394214683	-1.24101721579851
21256	-0.618969370493891	1.88563184287573	-3.17938527794133	0.00154009941395575	0.0453213196676174	-1.25656797769608
16882	-0.593824616740893	1.795377854451	-3.16882975934536	0.00159631717920475	0.0458754247600176	-1.28859890123167
1723	-0.629687072929906	3.81054642914867	-3.14885494975563	0.00170791375291404	0.0464991666389756	-1.32330627002059
34928	-0.676696820361842	1.43293397016578	-3.15194989273859	0.00169016458324957	0.0462204825367106	-1.33581989393451
28873	-0.603890207213091	4.23400493172542	-3.14786545514597	0.00171362454123529	0.046515010215584	-1.34436476856492
28091	-0.663746816742565	2.24642878642258	-3.13860141035709	0.00176795133770925	0.0468482203769885	-1.37086505780366
36790	-0.604427852522623	2.31484679980569	-3.13362940337724	0.0017977585712727	0.047194653572484	-1.38396663209082
13712	-0.647504756616217	4.99270382250991	-3.1225281517815	0.00186598851048996	0.0478727834132157	-1.389494508658
32649	-0.591551335594304	2.49662319291647	-3.13668731251212	0.0017793720573362	0.0469744236015763	-1.39093440395258
18905	-0.600064218921016	1.79889770296241	-3.12673910744952	0.00183983151423875	0.0475910954750978	-1.41165549693677
25788	-0.584991603487829	1.78629950510954	-3.11868067947479	0.00189018653191182	0.0481720656894538	-1.43508933850028
13863	-0.653484638151169	1.57595541322161	-3.11548904365654	0.00191047859884371	0.048528907774949	-1.44277276380281
22970	-0.775735485157587	2.88104318672789	-3.10656278997465	0.00196829990085213	0.0489743814515934	-1.45976263002432
1219	-0.598974307044336	4.16764272769138	-3.1073769815465	0.00196295987218699	0.0489370057888595	-1.46117470848004
865	-0.644806617833342	4.70928410701015	-3.09229726120609	0.00206405792356639	0.049847717221391	-1.48745037859092
163	-0.65636422123928	2.85406430696284	-3.08969719468148	0.00208196571548238	0.049847717221391	-1.49846314505916
37683	-0.669187062916683	3.75180960397578	-3.0919634654805	0.00206634897092375	0.049847717221391	-1.50194166397251
