logFC	AveExpr	t	P.Value	adj.P.Val	B
2017	-4.79293750659692	4.55934184249821	-22.6404032634154	7.89238501678539e-77	5.21765573459682e-73	158.934147706598
4567	-3.40177528418937	4.09653171953194	-7.78882523504895	4.93020262913104e-14	1.62967847905927e-10	21.2408489173814
3100	-2.06072301167663	2.71245956842252	-7.60365122524624	1.6546453876901e-13	3.64628688600642e-10	20.068057194678
4173	-1.81074192102964	2.49122450119389	-7.44724367588385	4.73687576520965e-13	7.82887142095024e-10	19.0653761211702
4172	-1.8456860746914	2.59954476327652	-7.12167620643435	4.14989046247907e-12	5.48698516948983e-09	16.9996426161422
4534	-4.77232545757718	5.51638852891685	-7.03011804281349	7.9527880315311e-12	8.76264694607535e-09	16.3848409528127
6595	-1.83710421639244	3.01241457916881	-6.89811454400656	1.76471651280555e-11	1.66664869516536e-08	15.6244347980228
4164	-1.60650333352761	3.24278342212815	-6.80053528167957	3.24704995643963e-11	2.6832809077528e-08	15.0463412059617
3267	-1.60121038805028	3.40103475247564	-6.59656919684946	1.157916941543e-10	8.50554322282308e-08	13.8398673624767
5914	-1.77906731877045	2.72796896569074	-6.57232685206683	1.35530574905987e-10	8.95992630703479e-08	13.6869890356422
4060	-2.02559515586399	3.90816754097923	-6.46840217503504	2.61751825910733e-10	1.53146080415191e-07	13.0686822748917
98	-1.97424941302681	3.11788389293855	-6.45763473342297	2.77984112083239e-10	1.53146080415191e-07	13.00717774616
6606	-1.76262035671489	2.82183268955771	-6.37764665009812	4.42879373124397e-10	2.25221195055799e-07	12.5640014723043
1463	-1.29627619390318	2.56641540433132	-6.34692457158187	5.26576060839599e-10	2.48656738443614e-07	12.3994136652352
3444	-1.58964172110585	2.92570386758386	-6.23091394706579	1.04983428830692e-09	4.62696965333136e-07	11.7461979603384
3137	-3.69931176088077	5.502533487717	-6.20534042134239	1.26496004617006e-09	5.2266567907689e-07	11.5725405390955
4170	-1.52422295879138	2.49639048574959	-6.14708921269973	1.71200792363359e-09	6.65769669596568e-07	11.2825916039605
4062	-1.82459139756322	3.47767466546455	-6.09136858426523	2.41632671720607e-09	8.87463107080518e-07	10.9591033488413
5834	-2.10074748899349	3.17098880269924	-6.07841908808542	2.62933428055904e-09	9.1486994361978e-07	10.8790343480451
651	-1.13201461018555	3.46256131551396	-5.92112707827336	6.25835739027594e-09	2.00302437550342e-06	10.0570438527976
99	-2.16236702330072	3.64825919046166	-5.92356098018229	6.36265495168232e-09	2.00302437550342e-06	10.0430460108954
6553	1.27379592324694	3.01697123840128	5.90714611093096	6.77232191021308e-09	2.03508273401903e-06	9.98233185758591
5124	-1.98323937771302	3.67389006347456	-5.84692353536456	9.75660145610704e-09	2.74890867551893e-06	9.63842325669692
4107	-1.81186235103441	3.94854010356039	-5.84193063618141	9.97939921531605e-09	2.74890867551893e-06	9.61667640270165
2253	-1.81220835433359	3.06429574210909	-5.80313489391633	1.2367564857945e-08	3.27047885103497e-06	9.41448559658328
7683	-1.63323921349152	3.02750811498266	-5.79098094817272	1.30936580399682e-08	3.32931435777806e-06	9.36008106426264
6648	-1.3733440205487	2.61924585010609	-5.71560620352915	1.96657213826967e-08	4.81518829855585e-06	8.97569862544485
6651	-1.38300559791377	2.66631284265304	-5.69813923679704	2.16427133267531e-08	5.10999920725589e-06	8.88531992218385
2830	-1.38419575285339	2.93065833319602	-5.6366123706311	3.02709225478664e-08	6.9007265159981e-06	8.56872485399904
1621	-2.44016075257002	4.00591971694865	-5.63215102219601	3.18409148607042e-08	7.01667627147052e-06	8.52067321620735
2108	-1.35043120307353	2.98350423673328	-5.60703956035063	3.55306593821486e-08	7.57719965081884e-06	8.41766341754101
385	1.22163473821923	2.39844749120639	5.58062946474919	4.09719759617834e-08	8.4645541588547e-06	8.28396022846966
2622	1.37320990834716	2.76404938349621	5.53559077449599	5.21820378013446e-08	1.04538015728694e-05	8.05584397642664
4081	-1.29770581718296	2.51232801604448	-5.51959454433815	5.6831314922615e-08	1.10503477339238e-05	7.97571042408026
4061	-1.60268963105249	3.43707460698438	-5.44269809839123	8.65324643185109e-08	1.6344746331705e-05	7.57850850245315
4598	1.5529146597634	3.02741674804966	5.40657868068467	1.04252027719275e-07	1.88856850455235e-05	7.40481160183067
1765	-1.28097650832445	2.69493766234697	-5.40230111496806	1.05698131399844e-07	1.88856850455235e-05	7.39128330020412
6772	-1.39497319092438	3.06013198837372	-5.36182581843751	1.30903889648562e-07	2.27738319596486e-05	7.18961440754511
4212	-1.27629844616593	2.44113852584536	-5.3322427139508	1.52318867166158e-07	2.58200007906531e-05	7.04852921819927
5297	-1.09931056527662	4.36882830223565	-5.08227117923554	5.43236493998444e-07	8.97834115455928e-05	5.8450432262986
217	-1.56887168520343	2.995609808907	-5.06265569659973	6.05877396846556e-07	9.76940358671361e-05	5.75214597743972
5219	-1.03321133656199	4.36077156164239	-5.03603587802158	6.83477400367601e-07	0.000107582597472148	5.62936388720916
758	-2.24690451088205	4.94276237066342	-5.02433111879529	7.36822344983579e-07	0.000113282151690382	5.56282151425297
701	-1.49999965384927	3.72567798607528	-4.93729605389458	1.12130681748512e-06	0.000168476349327139	5.17030922228407
7490	-1.07055063406589	2.69205262677377	-4.87329993350997	1.51264540254927e-06	0.000222224416805627	4.89547651293924
2264	-1.56076406011609	3.80989577644394	-4.85587213161239	1.66490467816119e-06	0.00023927575711573	4.79957703815701
6513	-1.04226720666225	3.08678595638114	-4.71892389368776	3.14987472336042e-06	0.000443060038215655	4.20814530503866
2399	1.24105233311822	3.24541402850357	4.61335790306457	5.15430849964507e-06	0.000695410887574562	3.75085450020478
3922	-0.950946492615529	3.65179236515127	-4.61293882766211	5.15272294351977e-06	0.000695410887574562	3.74601890756712
828	-0.9189840573235	2.3015408565031	-4.49672633918733	8.74459011454336e-06	0.00112851154614967	3.26398093065489
6352	-1.32184546138163	2.90737242342911	-4.4906283366151	9.03805587365806e-06	0.00112851154614967	3.22892006599914
505	-1.46478688383286	4.65426230160752	-4.49330532840038	8.96555332915769e-06	0.00112851154614967	3.22379190861816
1931	-1.18625601734022	2.88324156788786	-4.48214332804259	9.35303496984101e-06	0.00112851154614967	3.19671387616594
6684	-0.884009409254758	2.62784799985393	-4.48092093785972	9.38861519259292e-06	0.00112851154614967	3.19415169108145
502	-1.45483239661561	4.23973930552024	-4.48376143958596	9.35634017006672e-06	0.00112851154614967	3.1861043603037
298	-0.997740575475624	3.53078151181644	-4.44706816839235	1.09244043359131e-05	0.00128966494758431	3.04751739378784
2036	-1.45945295868719	3.22036702617683	-4.42157458857905	1.2345502676029e-05	0.00143186172265312	2.93677857937626
7357	-0.902551113395358	2.75645164470193	-4.41167325434238	1.27863059954111e-05	0.00145741842992522	2.90608366155091
861	1.37907692129453	3.52096461289523	4.37869790539885	1.49009362691007e-05	0.00166966253686483	2.76108226999384
1552	1.35032328503071	4.78930083700001	4.35784922060782	1.63320600027992e-05	0.00179952081130842	2.66499341953291
4800	-1.04743173507401	3.96009249933826	-4.28700706506204	2.20744382543933e-05	0.00238491661838277	2.3896455448198
7069	-0.895563231521081	3.12567217836304	-4.28393758303842	2.23664846981896e-05	0.00238491661838277	2.38527912391803
7653	-0.929897826239922	3.64081296727371	-4.27506497263784	2.32404565356661e-05	0.00243877235170299	2.34726041225537
3182	-1.35061685751337	3.02850582708384	-4.26214351808896	2.47359776741488e-05	0.00255514919380934	2.29495802634676
6771	-0.959976189553912	3.82860270138303	-4.24772603978417	2.61430837203549e-05	0.0026589527150041	2.23465052802584
7858	1.0920799670428	3.45066190745217	4.23395197667811	2.77584326664994e-05	0.00274045006609263	2.18441250897137
524	-1.40545375460488	3.55648089832181	-4.23541371812554	2.77734313157172e-05	0.00274045006609263	2.18118400101143
2885	-0.964264954864628	2.45639768327384	-4.17006298026279	3.63961925993792e-05	0.0035384592540367	1.94163886538973
2280	-0.823715168653589	3.92614630249886	-4.16092580737876	3.78282713894241e-05	0.00362438698776062	1.89125210293482
5879	0.876801796208993	2.60040552136309	4.12880176921364	4.33010333671504e-05	0.00408947330843188	1.77941724154793
5120	-1.41474692126533	3.6868060945114	-4.12211726401506	4.48602810217393e-05	0.00412789300751296	1.73846147365031
1425	-0.792366611318215	4.30399543369342	-4.11984402100001	4.49566323613573e-05	0.00412789300751296	1.726081553743
7923	-0.872110087950413	2.61366670806808	-4.10481067929389	4.78712968977519e-05	0.00433530333960326	1.68622222319602
7551	-1.46883621508415	3.20179134292938	-4.10221980924866	4.87585499804667e-05	0.00434317210791332	1.6655653698125
1609	-1.03354536825608	4.06827838733964	-4.0980620973682	4.92721083184842e-05	0.00434317210791332	1.64484378705069
504	-1.40789797886644	5.30194028261685	-4.08716277311952	5.18973439893495e-05	0.00451438606728408	1.59914818453002
309	-0.786438665153666	2.35305877842939	-4.04192017108429	6.21297409477312e-05	0.00533428204422664	1.45047015828469
3008	-0.824365843826805	2.44651402194075	-3.99642823121388	7.48667393527969e-05	0.00634543607514539	1.27719101434323
1960	-0.84537274219407	3.29937643601734	-3.969093798679	8.36727081949182e-05	0.00691450342345755	1.16682119483992
3240	1.02374771391996	2.73389199077422	3.93598398270329	9.57173116912815e-05	0.00781218700729706	1.04889237536007
4446	-0.715154237338958	3.08442117176169	-3.92194025531577	0.000101214835856893	0.00816013755914534	0.992140611198675
3567	-0.81904613895443	4.07222858438326	-3.91468279639136	0.000104206124399346	0.00830008058318166	0.955850465869803
251	0.774380101534263	4.54361327467321	3.91053277399492	0.000105954047525666	0.00833883581181163	0.941399862340841
180	0.757775332695351	2.17927055204218	3.89621187067467	0.000112201346309895	0.00872662471123193	0.909886956112218
7549	-0.917767568497401	3.36241942421974	-3.86314788592275	0.000127982568645442	0.00983828792226764	0.776448679770021
1538	-0.776088221080794	2.44839368913731	-3.81779041462152	0.000153070601726159	0.0116316062989843	0.62114072439795
2239	-1.13848004108952	3.13334795277272	-3.79226975028215	0.000169741442658065	0.0126085469372187	0.521538464608523
711	-1.17820793790996	3.2072331719422	-3.79307488828358	0.000169316784410658	0.0126085469372187	0.521021426956944
1218	1.10401069977458	3.53620289364969	3.78043562136198	0.000177672420870679	0.0130510263819562	0.475411716792426
919	1.25649766545555	2.83083312647272	3.74735759154555	0.000202387357113736	0.0145432914986838	0.36343522781483
2532	-0.985245061638135	4.28979992872491	-3.75054108723895	0.000199177928990422	0.0144699482258866	0.357048728298653
5121	-1.23788228923058	3.52574045292255	-3.72607113447891	0.000219688100951482	0.0156167530687123	0.281760678425543
2572	-0.801736134937245	4.30021759573195	-3.72150881085362	0.00022252230406831	0.0156499462999531	0.254688587028967
2363	0.73358063267633	2.41910744397238	3.7067847453331	0.000235459594658873	0.0163855092662085	0.229462131084713
4063	-1.09356360346753	3.11753230369676	-3.70260511729009	0.000239936311587534	0.0165231141240124	0.204379977022977
1667	0.695151756118624	3.1435079666602	3.67266884618611	0.000268207678800349	0.0180304824626731	0.100285305230125
3021	0.653169808932874	2.79359462734653	3.67155349153291	0.000269347416368886	0.0180304824626731	0.0982898127116192
790	-0.707252448090308	3.69915733834691	-3.67090982533675	0.000270007224898598	0.0180304824626731	0.0895431976276608
387	-0.835450172231215	2.86651825261977	-3.66562136494317	0.000275486147910534	0.0182123892383654	0.0794589283270977
5059	-1.04084685912411	3.4236883024513	-3.64978649091446	0.000293144140908351	0.0191878803519317	0.0173235316050473
721	-0.756948969596018	2.74973749742258	-3.64068020323347	0.000302763977671747	0.0194757969845112	-0.0070558380851562
2824	0.909371254745149	3.37706546201104	3.63943226807444	0.000304235578417902	0.0194757969845112	-0.0153379115732371
4469	-0.69566393978942	3.88537290113496	-3.63753323799388	0.000306380711902763	0.0194757969845112	-0.0297071196467469
271	-0.99873540171664	3.54170635993597	-3.6336049437541	0.00031141020822644	0.0196069798722381	-0.0372651258052681
4974	-0.647521074038243	3.83874876771947	-3.62586790514707	0.000320144557231684	0.0199667515835723	-0.0688382733908925
2938	0.796664788203502	2.61742451344194	3.61318481376696	0.000335767055168587	0.0207453831936405	-0.0974257625387809
1029	-0.970628449125653	3.79772882815237	-3.60433151868967	0.000347469994601933	0.021269667910309	-0.139089100559312
3231	-0.66272108336528	2.23082169300331	-3.59635109538489	0.000357609106146719	0.0216894844104217	-0.149309193843307
2362	-0.70172022509271	2.48404035729853	-3.57395654443481	0.000388737110936218	0.0231526219855796	-0.22949110051493
27	-0.815430184012331	3.03780885485963	-3.57495032038591	0.000387303551924748	0.0231526219855796	-0.232953961696147
5061	-1.02541565124697	3.56467818010888	-3.56655857181695	0.0004004351242749	0.0236162105611206	-0.268426830958402
5261	-0.858433518182688	4.28497598099996	-3.56382540051295	0.000403665374891337	0.0236162105611206	-0.288327323026826
3226	-0.727610600729823	2.71764713299133	-3.55263421426003	0.000420720073701576	0.0243980737477291	-0.304961912760221
579	-1.41459644026577	3.29130472515309	-3.53381804074934	0.000453067534651374	0.0260454736659151	-0.378214075111758
6765	-0.860057808006299	3.32870385560699	-3.50797409147873	0.000495872734356813	0.028260471093387	-0.459848345331349
7369	-0.657871611495825	4.38825870593178	-3.49315963261497	0.000523442493313089	0.0294655011016571	-0.527104656009008
918	1.33469508384042	4.20657350555623	3.49074454306295	0.00053038793391275	0.0294655011016571	-0.531164542878639
1902	-0.711843850382369	3.09612273649109	-3.48148085790437	0.000546189493027754	0.0300904894867207	-0.54729742110224
851	0.714114835707869	6.47277261972067	3.49039866970281	0.000528738700009248	0.0294655011016571	-0.551572333539027
3168	-0.738315717762492	4.11509325429536	-3.46322195564575	0.00058361167927522	0.0318864199313098	-0.619408863881564
1907	0.715964354744558	4.81045466423953	3.43464841910508	0.000647010939094518	0.0350605681832284	-0.721588138824752
1578	-0.739167707583561	4.58565068942717	-3.42497470551135	0.000669892563428218	0.0360053637140159	-0.751306595619624
7356	-0.711224017302192	3.46445893926846	-3.40197611074713	0.000727357131138142	0.0384192263416545	-0.807281590336502
6649	-0.925821444803268	3.03792301785441	-3.39946118900362	0.000734555179892736	0.0384192263416545	-0.811516887655026
3758	-0.672087466978539	4.28609049329827	-3.40295729613164	0.000724814521644043	0.0384192263416545	-0.820563331732893
3256	-0.75512702238204	4.39646915324258	-3.39716562434326	0.000739943578613647	0.0384192263416545	-0.839445323585034
4150	-1.25668833185838	4.95392430992633	-3.3967823327828	0.0007438603799322	0.0384192263416545	-0.842498359548475
2201	-0.682704348975468	2.52433734456577	-3.38605775328352	0.000769786317504354	0.0391465949617022	-0.849349642913441
5873	0.721205601915289	4.15607492124376	3.38042842210098	0.000785334729936703	0.0396324267145919	-0.885002800860336
908	-0.695469638802373	2.63553537456932	-3.37253454456989	0.0008076309355069	0.0404488493533039	-0.895078903365368
2281	-0.733873660475899	2.77671971945586	-3.36900180802933	0.000817798793746043	0.0406501340259781	-0.907240441684787
5874	-0.726586573459203	3.73633017099744	-3.36129920855663	0.000840382784283092	0.0414609745290711	-0.942546565446374
5217	-1.40553032209322	4.61461092531272	-3.35913611148979	0.000850130754314848	0.0416312179020404	-0.968170074204356
5633	0.853020001452282	3.10720024885072	3.33575386481916	0.000919682347656992	0.0446565583595065	-1.0127987859396
5581	0.611023900369137	2.20334378079205	3.33262116233643	0.00092966888302163	0.0446565583595065	-1.01379151881795
2512	-0.987029870784421	3.84366773649728	-3.33246979213389	0.000932174414402043	0.0446565583595065	-1.0377029701018
3421	0.896412650786158	2.76289226454989	3.32677474238992	0.000949556480971756	0.045161999249671	-1.04190832322828
1817	-0.661460822312833	2.41306216263138	-3.32439831333254	0.000956851588998997	0.0451838989633741	-1.04289694839186
7727	-0.861660679714471	2.78414990551038	-3.31573703769419	0.00098664146800888	0.0462601896808986	-1.07788818772142
3170	-0.717774018591757	4.3311131218196	-3.31343456407063	0.000994244658435925	0.0462883904008444	-1.10707615783778
5445	-1.14344137727191	4.27753817063242	-3.30148616716715	0.00104002459406818	0.0477472402179494	-1.14400626324104
6644	-0.68797871918675	3.50601157726584	-3.28996187007188	0.00107890884328869	0.0491472828526967	-1.16379634084593
962	-0.800893050094391	3.61294101995462	-3.28823660968304	0.0010853884883518	0.0491472828526967	-1.1696584109606
