logFC	AveExpr	t	P.Value	adj.P.Val	B
2288	-2.51965281498393	3.86132386251672	-11.4252246712544	1.07603353316731e-26	5.4996073880181e-23	49.6095436120596
3519	1.94342741361335	2.21464912554406	11.0341880351009	2.77690494588896e-25	7.09638058921923e-22	46.3874322565125
533	-2.1764761683754	2.39681276934206	-10.5462549687938	2.03249156683529e-23	3.46268813269838e-20	42.2341931717152
1933	-1.82214246955152	2.88427026015031	-9.9946310655021	2.02402802132154e-21	2.5862018042436e-18	37.7871510697102
5209	-2.92894129588097	4.84928000752149	-9.82730776101649	9.83277339730455e-21	1.00510609667247e-17	36.249984646068
394	-1.12023062724571	3.37940285772256	-9.41069759854178	2.33895439081588e-19	1.99239931524333e-16	33.1959945574209
3105	-1.61287835065983	3.97522071719586	-8.81806661135958	2.41456917920154e-17	1.76298043927129e-14	28.7057175849857
3591	-2.43570385836697	2.98982602621663	-8.51852571841198	2.60269495366922e-16	1.66279673852542e-13	26.3957065293458
4512	-1.93517146858363	2.96893658072538	-8.48263012813349	3.28075245276184e-16	1.86310286511842e-13	26.1691268660727
4233	-1.61801840476359	3.0966110151755	-8.42525225780967	4.63547052870899e-16	2.36918898722317e-13	25.8304210802579
3518	-1.53737341317334	2.67482612387544	-8.35628790423864	7.68119746017602e-16	3.56896365626906e-13	25.3371844520296
233	-1.39097096264069	2.15659708268214	-8.2613898876301	1.53663296551793e-15	6.54477590563513e-13	24.6635471681975
2287	-1.68397597180235	2.87869801240701	-8.22126074705748	2.11463459631182e-15	8.31376724749978e-13	24.3625234829307
4510	-2.4622358951141	3.38983479839328	-8.21696954543678	2.36904331866186e-15	8.64870028691482e-13	24.2606653759787
2743	-1.33644806800348	2.40646469456768	-7.88095050054185	2.35782542759614e-14	8.03389717362924e-12	22.0283891792847
495	-1.54319741508917	2.23330035603849	-7.6901096142079	9.01335873653186e-14	2.8792047814009e-11	20.7346721311848
3646	-1.82223576435024	3.02256769477482	-7.55773712116422	2.38117792263186e-13	7.15894138974791e-11	19.8028362673269
1844	-1.45702102639357	2.78929716405028	-7.48044997827374	3.79063439437154e-13	1.07632957720183e-10	19.3512846476345
3007	-1.24780646051332	2.25015730896547	-7.41445924498024	5.89035732807972e-13	1.58450612125344e-10	18.9250580259238
315	-1.2931744148453	3.33416407552867	-7.30813160430445	1.20260354588787e-12	3.07325336151645e-10	18.2378677312988
395	-0.988305540148274	3.36590287010179	-7.11757887670027	4.22708604943831e-12	1.01529171822351e-09	17.02582587501
1117	2.05144358623619	3.14069541060137	7.12227063660884	4.37026370591218e-12	1.01529171822351e-09	16.9972695855944
3559	-1.875075495157	3.57779145995592	-7.04350826871267	7.26523926377447e-12	1.61446251639788e-09	16.5060827731335
2034	-1.31758263619018	3.37939455321747	-6.9117765021894	1.60584636675818e-11	3.4197836585421e-09	15.7394922761341
345	-1.36697154967324	5.02092609588481	-6.89454941875677	1.79628848853038e-11	3.67233218595151e-09	15.6346975775149
1061	-1.07617515203185	2.54005469457597	-6.8363285165031	2.58287158804961e-11	5.07732949481599e-09	15.2871360354693
496	-1.54576650496711	2.51892523597395	-6.77524592881231	3.93246121282996e-11	7.44400342917552e-09	14.8845031916998
3922	-1.14253673993268	2.10320007122532	-6.67519958251742	7.10219358787439e-11	1.29628227379011e-08	14.3163911700079
4231	1.23480946956445	2.95126379118341	6.66973311467727	7.35515279591338e-11	1.29628227379011e-08	14.2805078265835
4385	-1.01493548652239	3.00195131965836	-6.66337624878104	7.64244320103291e-11	1.30201757334931e-08	14.2421445186718
5554	-0.960871049642303	2.60697154829277	-6.57840148448875	1.29192820652629e-10	2.13001453663093e-08	13.7407808414478
2657	1.17972985212715	2.88805527327096	6.49765914527703	2.11826543505038e-10	3.38326707454452e-08	13.2653944123023
5202	-3.51908299169245	4.36155298497612	-6.46112122713928	2.76868762829331e-10	4.28810983885064e-08	13.008576124971
329	-1.05558814626831	2.21039692133508	-6.42030326176383	3.38299941832312e-10	5.08544412560278e-08	12.8190283180409
1102	-1.63312694383618	3.45103202704554	-6.25905026051338	9.20242824609047e-10	1.34381745045052e-07	11.848426031692
4797	-0.887571071201465	2.08227006683608	-6.17854966690689	1.42205765747647e-09	2.01892685760062e-07	11.4440756116441
2805	-1.48699838697249	3.45352402642571	-6.1459372345898	1.77756759650267e-09	2.45544540154733e-07	11.2166750500519
5435	-1.06620722868859	2.9883167729435	-5.90983262491367	6.66277971079055e-09	8.96143871101329e-07	9.95967295891641
190	1.25991557983628	3.30957706878626	5.8996662658216	7.15610351126351e-09	9.37816539642764e-07	9.89323511695978
358	-0.835378827106421	2.00612399261003	-5.86628845242371	8.50919618150456e-09	1.08726254209175e-06	9.73431650233182
1534	-1.16399036736768	2.71917629445967	-5.85133829103144	9.27655637633358e-09	1.15640194242539e-06	9.64939779599003
4376	1.00760241378469	2.35721399599717	5.76144877169136	1.52585910130627e-08	1.85682520637532e-06	9.17652477632832
244	1.18694727304874	4.18700451859957	5.75019856185511	1.6481982646882e-08	1.95905612344684e-06	9.07554505844766
1325	-1.32781299241667	3.02557466208782	-5.73805544855148	1.77261900463619e-08	2.05905812106717e-06	9.02620710746752
442	-1.34750328117469	3.05847446432832	-5.71326714797333	2.03259120855767e-08	2.30857192598628e-06	8.89787283767666
1198	-0.980271536657455	2.06283965775539	-5.59869025476354	3.71302290127664e-08	4.12549131487497e-06	8.32920294557092
2746	1.0291049199355	3.15325126245249	5.50031462648271	6.29435155332441e-08	6.84477250830661e-06	7.82096244574992
4130	-0.839912009384927	2.21632774498683	-5.47730525194455	7.10877202724326e-08	7.56936121484173e-06	7.71042743706736
4047	-1.22602987851743	3.63007847019106	-5.46336755155061	7.78427810799105e-08	8.11947865509026e-06	7.60589546406939
5600	-0.971155554284027	2.07483141844927	-5.45325860854767	8.07616904735345e-08	8.2554600002047e-06	7.58961329600024
1941	1.35066038920217	3.59723078229297	5.41594112595572	1.0033044527989e-07	1.00546844279513e-05	7.37195592403485
1170	-0.845675296330755	3.66503333704225	-5.40604835420489	1.03527560136484e-07	1.01755646126456e-05	7.32743007600643
3634	-0.754491199214894	3.14869998488547	-5.3988163019719	1.0752948935599e-07	1.0369494718839e-05	7.30248276857221
1354	-0.762313579861133	2.4793879796307	-5.34203727741406	1.44615854934754e-07	1.36870671987055e-05	7.03333932684789
4269	0.942650017331185	3.2354396279292	5.33856181442024	1.47287946767522e-07	1.36870671987055e-05	7.00448354628414
3645	-1.18272987417158	2.6110467023685	-5.32593064150216	1.59140309788911e-07	1.45243950594844e-05	6.941599971245
776	-1.04103606527531	4.41634249069982	-5.30338327627304	1.77668739020946e-07	1.59309635988781e-05	6.80739298286502
3995	-0.873169316116059	2.94133916676103	-5.24250540576345	2.41613372866404e-07	2.12911370468998e-05	6.53778629772429
299	1.17751756668703	4.95361881712189	5.22545013674308	2.6798262229453e-07	2.32145624160567e-05	6.40948349696944
56	-0.916313386815229	4.45955043758088	-5.19642802123481	3.05705287100166e-07	2.60409953728158e-05	6.29171552559276
4286	1.19605128006485	10.0521601114013	5.11036958291925	4.75216193787808e-07	3.91746768782175e-05	5.94223606416874
3263	-0.728201434465191	2.81526103445316	-5.11414466474852	4.62815103119759e-07	3.87778359351654e-05	5.92474335363409
4535	1.5915687961734	4.00076311286274	5.10837966210196	4.8563254678499e-07	3.93979039145728e-05	5.86270711618648
1248	-1.27239028915546	2.78713787505642	-5.10349104499855	4.96147459002386e-07	3.94799360810748e-05	5.85980962408097
4710	-1.18730379210973	3.20399603601717	-5.10066001367995	5.02092710872601e-07	3.94799360810748e-05	5.8430505190325
3161	-1.16410652402381	4.18538990211158	-5.09509240523517	5.15999828321257e-07	3.99587139780295e-05	5.81276100931969
1914	-0.731873350277601	3.4104051217899	-5.0732254098266	5.67787217992924e-07	4.33128428531617e-05	5.71250254224529
873	1.37378479880916	3.81958941640728	5.0422019617982	6.74100981426297e-07	5.06666193539677e-05	5.55358721944345
4917	-0.818843585859459	4.46026129683174	-5.02358483740912	7.26343917141163e-07	5.38020834856302e-05	5.46895117237154
4164	-0.894277281996174	2.87145785911407	-5.00686687534142	7.88834371047345e-07	5.75961781488997e-05	5.41735631546507
4681	-0.949749458477528	3.24710416586988	-4.99933388761014	8.19113457220547e-07	5.82409448069745e-05	5.38016242324735
3485	-1.20093557426441	5.10949524325605	-5.00171996811323	8.20455493269842e-07	5.82409448069745e-05	5.37861646345697
5640	-0.759428554889955	2.5293102906943	-4.98461151648014	8.79857932989884e-07	6.1602108157689e-05	5.32048642867569
5243	0.770401638604478	1.90474357573312	4.97834464612358	9.07319496714638e-07	6.26663506447097e-05	5.29581378550821
5533	-1.71823516266472	4.22448181520818	-4.96262598670419	9.97101437402397e-07	6.79491392875154e-05	5.18096320721188
1178	-0.799234614874428	2.09570432028233	-4.92285045725844	1.18945306337297e-06	7.99907185118322e-05	5.03906264467151
3520	-0.785234811060159	2.08862981744485	-4.9118348967869	1.25475208855412e-06	8.32862068129886e-05	4.98913834813491
314	-1.22854731004502	2.75992010818555	-4.90034776681018	1.34538656704363e-06	8.81573172328202e-05	4.91476655459137
3600	-1.0413084336029	2.90593072104225	-4.89305837499255	1.38380043310358e-06	8.95266330834478e-05	4.88453833211564
4790	-0.915629628643795	2.66814802124026	-4.88134702660646	1.45456331453435e-06	9.29284137573131e-05	4.8459186077692
1353	-0.695037357755153	3.05153682587173	-4.84516656442724	1.73025318699082e-06	0.000109176839984075	4.67051288178951
5377	-0.882557980185231	2.83377985269378	-4.81393723800747	2.00913341348871e-06	0.000123141011833119	4.53825280925386
3285	-0.953043821991383	3.32710141267785	-4.81300811013588	2.02383975620857e-06	0.000123141011833119	4.5112014959802
4500	-0.679983609815844	6.53036262158986	-4.82691567632696	1.88814803692457e-06	0.000117686885569774	4.51061072679742
1479	-1.01748598965649	3.1172412911323	-4.76313591739279	2.57328820816391e-06	0.00015473030625795	4.2987295677104
83	0.638098368332568	7.33688754871365	4.73275817350443	2.94988216082113e-06	0.000175312182836707	4.07637013830688
1352	-0.665365934377175	3.21905446816522	-4.70249194201768	3.39949156175001e-06	0.0001997103605989	4.02726783685913
4543	0.756071717696395	5.9595067522754	4.69528137040773	3.51650846691061e-06	0.000204237213345229	3.94193345547308
5323	-0.657222411537462	3.40017673318473	-4.64741452187019	4.392198278244e-06	0.000252230622473091	3.77725339372478
3601	-1.04591849077995	3.22193192188049	-4.64375934425411	4.5081885059763e-06	0.000256015016156054	3.75965127429505
3703	-0.847038129398626	3.17187821246143	-4.5810405004484	5.96296776824819e-06	0.000334909101796885	3.49901269093879
3996	-0.790990219225435	2.17934264284208	-4.57412622620917	6.15277042524359e-06	0.000341813148298043	3.48943693056561
2329	-0.780944602205874	4.4810005425162	-4.55377128553905	6.75160899201322e-06	0.000371048102776124	3.35685500506581
2633	0.767327883310713	3.40961037509898	4.53559025647605	7.33221345986341e-06	0.00039866960631236	3.31432802837742
1611	0.967355174064623	2.86659147065965	4.51719441715604	8.00449246135227e-06	0.000430641694420752	3.24015945307037
552	-0.691215136055722	2.81467438120194	-4.50848673469441	8.28847545311484e-06	0.000441274979592395	3.19995242783194
328	-0.762748134875398	2.29538570112665	-4.46593797204028	1.00358708864179e-05	0.00052340138878043	3.02966732546603
829	-0.763836991015561	4.91526827932686	-4.47148854029579	9.79035789239423e-06	0.000515861022556978	3.02768951495308
296	-0.693314813541492	2.48634107872194	-4.42347393040844	1.21278301525419e-05	0.000614866717287832	2.85042605629006
1639	-0.728388017208774	2.01596559253495	-4.42224327693306	1.21942979638798e-05	0.000614866717287832	2.84791157841633
968	-0.822739370334699	2.99966098138033	-4.42372154195318	1.21171754273884e-05	0.000614866717287832	2.84774970554985
97	0.784813284824492	2.16248973518569	4.42086198486085	1.22708677682174e-05	0.000614866717287832	2.84216259370979
3654	-0.745072598288132	2.74211351381436	-4.37602344719487	1.49599764347444e-05	0.000739668448457617	2.64727117247054
1014	-0.716050624704607	2.6626675374553	-4.37463260131292	1.50509721462712e-05	0.000739668448457617	2.6434157100913
2297	-0.788856847568661	4.60814453814684	-4.36237270918524	1.58918763804391e-05	0.000773556001718325	2.55255410063777
1111	-0.900968302873734	2.4337955629525	-4.35050615728137	1.6767777136735e-05	0.000808491593828797	2.54745832258692
284	-0.764456712514068	2.63353837545179	-4.31461678847503	1.95730722641245e-05	0.000934934320952713	2.40399970761234
4798	-0.654252044308684	1.96828086087493	-4.293802182192	2.14216854331725e-05	0.00100543097043669	2.32045294990465
2648	0.772974140262689	2.46290544072689	4.29360554468992	2.14423744428877e-05	0.00100543097043669	2.31778608931946
51	-0.713098666396493	2.10405777488321	-4.28325492353729	2.2422255436491e-05	0.00104181952305369	2.27763806378944
2113	0.621710132291705	8.10250397602568	4.25952760139354	2.48387858542941e-05	0.0011437030135252	2.08990593748744
5334	-0.729402542753551	2.82266951097786	-4.20364971430653	3.15516734077237e-05	0.00142708498041483	1.95162365603345
1475	-0.60246208746079	2.56250222072384	-4.17968954290952	3.49286298589374e-05	0.0015420989631888	1.85817265169114
3657	-0.71193393961214	2.89912818787234	-4.16858450100883	3.6610963733081e-05	0.00158575114948963	1.8063008627952
3131	-1.11119303932328	4.11858342479194	-4.17924868055749	3.53014241230853e-05	0.0015420989631888	1.80526998524156
3644	-0.948464446966331	2.95957407073489	-4.14253325623156	4.10941590191798e-05	0.0017502687228919	1.70252196660281
2714	-1.08778190928131	3.70858161593164	-4.14580163149571	4.06371315991193e-05	0.00174534772775713	1.68515438128279
2245	-0.662542697262887	3.49164775032756	-4.13065429327254	4.29486435683676e-05	0.00181413650642915	1.66000258004679
1936	-0.597934251752718	2.28097680986965	-4.12546767077115	4.38927379235531e-05	0.00183881789776459	1.64883486434448
1850	-1.0930368674318	3.40776558070131	-4.12067839083297	4.5144416075509e-05	0.00186075089162844	1.60041382578006
3154	-0.621266093910014	3.20218182115785	-4.09271914532257	5.03255236121171e-05	0.00202530512741363	1.49775879089793
4098	-0.716559704726838	4.52948765765551	-4.06083877157595	5.74526037064264e-05	0.00227628106622903	1.35334797229654
4013	-0.607484434635603	2.74541611167856	-4.04999370638732	6.00735687308036e-05	0.00236181545987029	1.34938846241293
3155	-0.618259763775198	3.11637470851806	-3.98911106545955	7.71063655136664e-05	0.00300832545145304	1.10406226331932
3264	-0.664322435145493	2.6747241129079	-3.95863789490164	8.72653304127587e-05	0.00335348198300458	1.00559632288972
2937	-0.707825376227941	2.92927223733053	-3.93542823084208	9.584583222212e-05	0.00360197094475923	0.913990705191619
3451	-0.703418746456653	4.14247727648206	-3.93989704793653	9.41537178268342e-05	0.00356459001342925	0.885490683033385
3194	0.781733978036849	6.48731822274881	3.9161582223758	0.000103617025879377	0.00386559576109119	0.843990001659473
1188	-0.619689035992324	2.14293829441918	-3.91048833627478	0.000105938025128683	0.00392354526400508	0.830852916854987
3487	-0.963704202502949	6.03253774988136	-3.90022265651292	0.000111055796418305	0.00402557571272308	0.762335424517141
5162	0.625232950650625	3.61731882170644	3.88612633911706	0.000116770934341593	0.00420293130577382	0.723258837132851
5325	0.652570463625325	4.22393381430427	3.85886413492992	0.000130138330711609	0.00461900700185439	0.621151776158988
4153	-0.727882923578303	2.1500949603177	-3.84763348929294	0.000136069119998498	0.00479620187801603	0.598522707429804
192	0.811605350489405	3.74306017612937	3.84465771899777	0.000138040285735104	0.00483235548213777	0.566327360781608
2735	0.631781395856832	2.84648437818527	3.83842729033772	0.000141085510281525	0.00490536083706718	0.562317539702374
3818	-0.631927191313158	3.58595498872437	-3.8289644559896	0.000146454302025571	0.00505762120035602	0.485831127250957
5436	-0.783838491278546	3.14290095716057	-3.81142370280507	0.000157110775462515	0.00538921592878464	0.455707975096336
5009	-0.745644682903633	4.46349856294822	-3.79136078063231	0.000169905847971945	0.00578925859323075	0.35731551934605
4377	-0.673806688612122	2.85982743866788	-3.77273180203687	0.000182501721608775	0.00613662038909505	0.323715685240465
2541	-0.722068200853951	3.39230510134844	-3.7070086103141	0.000235288202432831	0.00763210950459574	0.0804788084315327
96	0.689051593182922	3.35305919953253	3.70625379629805	0.000235936862008634	0.00763210950459574	0.0617108715975423
1104	-0.586485563444371	5.98797042073824	-3.72229016310354	0.000221808766905889	0.0072670808183077	0.0497547199964634
1981	-0.629999654222259	2.78559804928215	-3.6964448048897	0.000244906470494821	0.00786679688064979	0.0448803260808264
1612	0.770532641194261	2.89044085901088	3.68360877800973	0.000257556052944126	0.00817620488569832	0.00730839837678499
891	0.787661998329395	2.12813452216514	3.66564805371758	0.000275936181871284	0.00865220751867565	-0.0532667687777737
3655	0.674903827748067	3.0479770404042	3.65434497521389	0.000287477222107845	0.00890482474056482	-0.103162018633394
5049	0.67193516127541	3.22861383947402	3.61077602161709	0.000338766000121487	0.0103061489679817	-0.245587685663809
347	1.04933740811816	3.21386756205748	3.58691839917312	0.000372207603877775	0.0109892928279107	-0.333460547524798
900	0.710484127680331	6.10060582596344	3.59592388418268	0.000358553474908217	0.0107798047662111	-0.340554890664386
1519	1.0152414375076	3.99725735091381	3.58936892892223	0.000368824900256113	0.0109892928279107	-0.348644504059274
5150	0.595362100381144	3.62182173906908	3.58686728103129	0.000370418313007198	0.0109892928279107	-0.361916714955754
434	-0.620549312564915	3.92203513552535	-3.58420484898048	0.000374121884573756	0.0109892928279107	-0.37805549709014
3162	-0.823637568436961	4.48975820411478	-3.57192675321486	0.000393069684142358	0.0114146542934749	-0.409792088076938
4565	-0.585320321688775	4.23245717558762	-3.577680801477	0.000383321386814082	0.0111951749028958	-0.413047419882191
4154	-0.67826129821505	2.24085936679145	-3.52138253351106	0.000472058105227551	0.0129714461065485	-0.548598305438546
5005	-0.647311433473262	2.60844558080972	-3.48487254646477	0.000539423126147233	0.0144980483225364	-0.67631305621051
864	-1.02013767562798	5.33747929304705	-3.48491731387823	0.000541797540521316	0.0144980483225364	-0.725655833770722
2766	-0.735405862647148	4.47203120438912	-3.48512004278553	0.000540353357938187	0.0144980483225364	-0.726242340295238
1287	-0.726716134278328	2.98173736855555	-3.42587628422011	0.000668807954654733	0.0171772736494489	-0.883938952557457
2762	-0.594909441533934	2.74140966605668	-3.41397596754557	0.000696704647543605	0.017715708724355	-0.907881911010043
3547	-0.602776919000274	4.18985758027988	-3.39485959039731	0.000745938384576333	0.0185975174808275	-0.998933416181137
2501	0.700075496327436	2.55223760590788	3.38460648400854	0.000774257994674492	0.0192098670426278	-1.00314956104796
5491	-0.648491764555038	4.47651770846613	-3.36793250061001	0.000821142218367774	0.0199850375146557	-1.09711445006341
1494	-0.639558092398947	2.536501494548	-3.35298184590676	0.000865337719769407	0.0207640426560631	-1.10282281579499
5594	0.594442372121361	5.43064884717042	3.36070726407703	0.000842136613806802	0.0203026426092762	-1.14701019692174
2226	-0.611776972206084	2.15539966904773	-3.3351952474776	0.000921180282078617	0.0214393029567376	-1.15865548940876
4959	-0.787888064591649	3.52406344395095	-3.2662680340583	0.0011744838362613	0.0256529354150918	-1.40586267112918
1322	0.603757353034122	3.59788812424917	3.15353255577114	0.00171851974914067	0.0342509932511541	-1.73544255015285
1461	-0.596049294437956	1.99400346872278	-3.12547939805407	0.00188723258761561	0.0361260140648066	-1.80795807266212
3023	-0.711908048588515	2.78262468694566	-3.11961036591666	0.00192820795421863	0.0366978160611913	-1.84023827522322
654	0.820343798450011	3.22182744273195	3.10339565585088	0.00203624602752205	0.0375713120818237	-1.88481048639323
5201	0.785550558906675	2.76071917650144	3.01821330669599	0.00269001081712308	0.0457407772123848	-2.13604091199801
1974	0.669260097750062	5.32264078269409	3.01766699335981	0.00269379259262919	0.0457407772123848	-2.20095924094345
191	0.668231101765768	3.87196440561195	2.99789281499606	0.00287003828376171	0.0472411624124011	-2.2096301766602
4693	1.03339705779092	3.84078862375821	2.99630529776357	0.00288776267784186	0.0473056251488773	-2.24178891680138
5537	0.681847605382232	4.12956407739013	2.97494890304184	0.003090627232255	0.0499893872438688	-2.31659527329784
