logFC	AveExpr	t	P.Value	adj.P.Val	B
3050	-0.852084118082829	3.50957028444204	-5.43375895844274	8.25046463393501e-08	0.00039602230242888	7.44802343516364
4271	-0.979460842551385	3.07948623479706	-4.55931631001965	6.32201898799941e-06	0.010562666488402	3.55650278796712
5627	-0.859979623920311	4.68872634422055	-4.54962830290488	6.60166655525124e-06	0.010562666488402	3.55008764768061
3593	-0.754783277678789	3.94355806984399	-4.39678224368275	1.31556401070726e-05	0.012166634680473	2.92451280141686
557	-0.669186650776888	2.44186798500399	-4.38328382102775	1.39691025443525e-05	0.012166634680473	2.8474293596233
4789	-0.75982211681704	3.27915506955923	-4.330092492977	1.76678113380382e-05	0.012166634680473	2.64979600634499
4261	-0.641789132293464	3.79502546088322	-4.3152495765538	1.88564828746632e-05	0.012166634680473	2.60132806348022
425	-0.799522270925176	3.61358191554952	-4.29677323421189	2.04430446934714e-05	0.012166634680473	2.52697228408401
936	-0.697708119220461	5.77356206465911	-4.25284811368192	2.47423974932931e-05	0.012166634680473	2.36800515781592
1936	-0.666237552522886	2.66025606393699	-4.22250052139558	2.82027540378066e-05	0.012166634680473	2.23001179925954
1688	-0.814226123729106	5.03240232126887	-4.19221378665263	3.21500083212208e-05	0.012166634680473	2.13514002432746
1402	-0.689818044745202	2.8060656448969	-4.18047418425794	3.37635272622121e-05	0.012166634680473	2.07294642179752
1447	-0.632527375803762	4.35572935939111	-4.17149035180807	3.50807537164818e-05	0.012166634680473	2.05586749383115
2389	-0.693624702745983	4.13541482412586	-4.16194257811281	3.65342427433189e-05	0.012166634680473	2.01879176226625
4375	-0.679794200549858	5.44912344685079	-4.1525449877121	3.8020733376478e-05	0.012166634680473	1.98532743112606
2935	-0.775278648086502	3.98697490088644	-4.07726505897046	5.21930462504384e-05	0.0152433654673288	1.70157429000617
1656	-0.922032885263901	3.36193614800576	-4.0692652832103	5.40927912633473e-05	0.0152433654673288	1.66482123111917
357	-0.748981022846651	3.44696415970216	-4.02519962902322	6.47809543677276e-05	0.0152433654673288	1.50646332079419
4208	-0.786368535471283	3.62632725590797	-4.02225793700871	6.55808005871915e-05	0.0152433654673288	1.49726296380814
4089	-0.606633749462125	3.80500712024965	-4.01867802834496	6.65479307237909e-05	0.0152433654673288	1.48484840971309
4887	-0.649193666184723	3.3436483393846	-4.00382148576293	7.07454763972903e-05	0.0152433654673288	1.42801555737689
4686	-0.639549241372098	5.26692291805436	-4.00025783437673	7.17890553772903e-05	0.0152433654673288	1.42077290389454
4201	-1.03466740650635	4.21722516149764	-3.99713853834335	7.30411261976172e-05	0.0152433654673288	1.40539176814808
5574	-0.692751863987645	3.29609399528157	-3.92351584489984	9.81396932912578e-05	0.0193538598197384	1.14067939285311
4314	-0.887097527916181	3.86170063659526	-3.91752260220871	0.000100801353227804	0.0193538598197384	1.12019597428559
4257	-0.599945539063419	4.73139348614059	-3.8799036129687	0.000116955036186049	0.0215916989881937	0.988786188019069
2841	-0.660934976399289	3.49767492064925	-3.86186418665656	0.000125694557379557	0.0222362870635308	0.924745004805814
2945	-0.644683006375726	3.56489373009704	-3.82761643856332	0.000144010911243912	0.0222362870635308	0.805629660383959
5733	-0.591789836776239	3.56867909987664	-3.82721688168458	0.000144238776004153	0.0222362870635308	0.804373393783807
3103	-0.677829218569264	5.5326472123235	-3.8193690930067	0.000148783925640098	0.0222362870635308	0.776018238407167
1932	-0.672166416885775	3.47296817962902	-3.80892103403413	0.000155045153033465	0.0222362870635308	0.74097060432711
5667	-0.655539915842509	4.6978689370154	-3.79442033218391	0.000164148055736489	0.0222362870635308	0.689371013155609
4110	-0.677965598577044	3.28629468372987	-3.78983640041893	0.00016712898476016	0.0222362870635308	0.675006570580075
3102	-0.671846986544105	5.550921982363	-3.78495751958107	0.000170357776597134	0.0222362870635308	0.656587769856316
3817	-0.932689202135236	3.5163855565736	-3.7841648651683	0.000171404712781384	0.0222362870635308	0.653675625336305
5127	0.708593781013881	6.99545660470399	3.74470775917622	0.000199593774409649	0.0233527464790484	0.505609122908782
3634	-0.719227353019782	4.41980488994264	-3.73731225335383	0.000205231104027504	0.0233527464790484	0.492794754813373
5677	0.624766302569772	3.69743773003802	3.72878422337668	0.000212026856660112	0.0233527464790484	0.467350231831245
5453	-0.72013808530851	3.46352751843005	-3.72409010120388	0.000215912463156032	0.0233527464790484	0.451594370041574
959	-0.671348861646551	3.34903711407743	-3.71967107806592	0.000219631531865627	0.0233527464790484	0.436732851681533
1858	-0.623393799026246	4.6034340413703	-3.7148043273494	0.000223797153757548	0.0233527464790484	0.416078940994808
1713	-0.740064721636178	5.84138120713285	-3.69775630851209	0.000239319034656824	0.0244410929011224	0.353241619546091
4641	-0.622254806556933	5.96821705375495	-3.69125238099831	0.000245028101019158	0.0245028101019158	0.337453306209416
4062	-0.652766145784988	3.74412208184291	-3.65195543371487	0.000284722419237754	0.0263243489888895	0.209763269375262
3762	-0.592204093476935	3.49637587059559	-3.64472036349008	0.000292659655396324	0.0263243489888895	0.186422271587965
1744	-0.853866282223393	4.69255349933923	-3.63586122011981	0.000303476538246226	0.0264852251560343	0.148321262753403
5231	-0.596106567845454	3.48955159431496	-3.62140355701698	0.00031967655003195	0.0274008471455957	0.109567506135468
2000	-0.650144765816935	5.32855405596525	-3.61284419570353	0.000330168770371616	0.0274198611523756	0.0740017204371899
3479	-0.586558179387325	5.60415157357095	-3.60889966045854	0.000335112052984908	0.0274198611523756	0.061601213728812
4530	-0.653599429643859	3.38046091667875	-3.60202273202962	0.000343896635403934	0.0274198611523756	0.0464144819664511
5375	-0.664990994726744	5.83958500489054	-3.60310109395727	0.000342521836179535	0.0274198611523756	0.0431741346756898
4921	0.713453245697692	3.58516596034094	3.59853234806823	0.000348460735478107	0.0274198611523756	0.0353296324016581
4426	-1.24065465669661	6.3434972858416	-3.59475563408922	0.000354622031401398	0.0274546088826889	0.0154905823644906
3975	-0.879592673870084	7.72652660202841	-3.57143993891599	0.000386553050718578	0.0289914788038933	-0.054882436196289
4322	-0.870832554206455	5.37557633359225	-3.55272345207974	0.000414614095482622	0.0299506599183867	-0.12565396463178
1059	0.639910630883682	3.90767330197131	3.54132678792701	0.000431352950278787	0.0299506599183867	-0.151901204815528
4706	-0.654906884828019	3.23293461099406	-3.52130447393112	0.000464500933819015	0.0309667289212677	-0.213760035591496
5512	0.594625376130097	3.21717721163155	3.49631297506875	0.000509220662303953	0.0327662711299897	-0.29227785021647
932	-0.728240840990974	4.75752179827308	-3.49679750988313	0.000508971399192852	0.0327662711299897	-0.305439608472414
290	-0.68709860875645	4.08484427818738	-3.48129678532842	0.00053822894296361	0.0327662711299897	-0.349062402905091
2854	-0.62648056742142	5.39237617708285	-3.47291692818233	0.00055470383980698	0.0330757693107867	-0.380268879979342
2227	-0.78491271930947	4.09849704165004	-3.44984506036796	0.000604269813259324	0.0330757693107867	-0.448333114317442
2030	-0.600417774362519	3.07050653749712	-3.44501951383843	0.00061389209083123	0.0330757693107867	-0.45383787353824
1494	-0.648509048599956	3.12876686220048	-3.4333576524152	0.000640339231810552	0.0334090033988114	-0.488883026290607
429	-0.774782364875302	3.48269355257779	-3.38121716622154	0.000773102186482421	0.0362410791883947	-0.654043972410288
5275	0.61403894698772	5.24156198322979	3.29911122887427	0.00103172133313044	0.0431533029978612	-0.918617922317219
2022	-0.607254416644309	4.50695760038843	-3.26879622376174	0.00114652241557387	0.0458608966229549	-1.00978614885284
4840	0.640661247691971	7.59474734768329	3.27863217127501	0.00110924172340047	0.0449575462140336	-1.01157442961245
4931	-0.810901878429135	4.2628244180854	-3.26399316161846	0.00116803518530858	0.0460284170496361	-1.0245596706569
4917	-0.702437348210206	4.53844032782821	-3.25543422235673	0.0012021905786769	0.0460284170496361	-1.0519318980441
