logFC	AveExpr	t	P.Value	adj.P.Val	B
2677	-1.00890808763351	4.78184947524916	-6.5326732748747	1.43863209808143e-10	5.31574560241088e-07	13.4403169794107
1212	-1.21921540091068	5.19153942855007	-5.89971684135843	6.26438952982795e-09	1.15734596563571e-05	9.9472940050176
1661	-0.939502954453204	3.69296860516678	-5.3163578739246	1.52471409168072e-07	0.000155971403274124	7.00921555328232
4926	-1.16693737833432	4.90839498871083	-5.29729179708279	1.68845903409065e-07	0.000155971403274124	6.91764073621636
99	-0.853421140414951	4.61032148433549	-5.09216489089268	4.82484420309825e-07	0.00035655598660896	5.95604323221293
4642	-0.919789661652597	3.54277770679004	-5.05529390529525	5.80781188447515e-07	0.000357664415218928	5.78301847532789
3862	-1.00684334467188	4.11840080592666	-4.77364579803573	2.30578220847597e-06	0.000998622012163968	4.52622131401843
559	-0.909959242323092	3.86631277001263	-4.77375429468449	2.3040804014194e-06	0.000998622012163968	4.52613927988517
2645	-1.0007824957953	4.36095459851353	-4.76244110695793	2.43236755330872e-06	0.000998622012163968	4.47749469249398
1127	-1.11738402905251	5.15060432568119	-4.68962629835441	3.44977654466516e-06	0.00127469243325378	4.15876366511337
3415	-0.960940958123104	6.96668047722111	-4.52790298719417	7.26427392621134e-06	0.00227335925918272	3.47941297925192
4888	-0.873828870951839	3.86273054810965	-4.52433381999734	7.38357528876582e-06	0.00227335925918272	3.46659011033649
1341	-0.778293581436582	3.29726539271345	-4.49012742560347	8.62634624053572e-06	0.00227335925918272	3.32491195749959
166	-0.988093123502492	5.02214979918437	-4.49024025836199	8.63300745112674e-06	0.00227335925918272	3.32481740631417
4713	-0.832604084438533	4.03647256734887	-4.47521427514982	9.22879266244677e-06	0.00227335925918272	3.26407832072438
2899	-0.752080244809669	5.92610375092008	-4.44705819829667	1.04778236015944e-05	0.00229369134041028	3.1488075118318
2499	-0.82324864538027	4.43244703846933	-4.44547118319722	1.05528424321988e-05	0.00229369134041028	3.14253466790734
1037	-1.17878591138693	4.39983285102449	-4.39470000634465	1.33480001933218e-05	0.0026214947358708	2.93018075267026
3707	-1.09579375177036	4.48060470364599	-4.39203990235562	1.34799458678065e-05	0.0026214947358708	2.92108050496355
1655	-0.697650158644238	5.20216925126654	-4.36259754848405	1.52706468012687e-05	0.00282125199653439	2.8076474324545
3077	-0.903977142242529	5.32750758048597	-4.31445395695911	1.88776274769392e-05	0.00293650548666077	2.61581465758907
3485	-0.774556312774008	3.82175137528144	-4.31228463954705	1.90561860686166e-05	0.00293650548666077	2.60748953461082
1651	-0.732304652926814	4.31452013076103	-4.3083093863414	1.93907522322606e-05	0.00293650548666077	2.59118314501884
98	-0.716827412428512	4.20150796508466	-4.30161974324347	1.99664647203775e-05	0.00293650548666077	2.56473502179264
351	-0.751383585700747	4.208452092196	-4.29883366726006	2.02110177255113e-05	0.00293650548666077	2.55372214756538
3797	-0.804859385090018	4.47561807815567	-4.29377004826068	2.06628261578295e-05	0.00293650548666077	2.53374419215581
2503	-0.783759675139317	5.32391186453481	-4.24554644132305	2.54769856746318e-05	0.00348657266917646	2.34480531503931
2085	-0.793599610031216	4.71328438532698	-4.1993050599608	3.10847065211152e-05	0.00410207109269717	2.16464881981686
2141	-0.781370286119433	4.58532533102687	-4.18720688778149	3.27354710715499e-05	0.00410269132915905	2.11785042053782
2629	-0.764194134130697	3.84505477655248	-4.18313170974228	3.33100784505471e-05	0.00410269132915905	2.10277195189956
2492	-0.828545920020052	3.78988244445832	-4.16091913394037	3.66148284591466e-05	0.00436425132763054	2.01743083514249
481	-0.678378901423931	4.60492211007607	-4.14516354500782	3.91456699302457e-05	0.00438761329441706	1.95657692402388
1262	-0.832973148034182	4.38099124201939	-4.14492208838463	3.91857208973648e-05	0.00438761329441706	1.95549819305976
4709	-0.920039990364502	4.50503084116558	-4.12736473248525	4.22640181108237e-05	0.00459310432116157	1.88748744354664
97	-0.701500086555466	4.7514429894116	-4.11479472081307	4.45008849328667e-05	0.00462123288789354	1.84099867134401
4384	-0.735234253094856	4.63599518217186	-4.10456871163484	4.64559138485109e-05	0.00462123288789354	1.80212426056477
1662	-0.723804688849921	3.63282128267343	-4.10325334395216	4.67132370198998e-05	0.00462123288789354	1.7984634467261
1929	-0.725911078092288	6.23865463618173	-4.09914582882411	4.75255344357117e-05	0.00462123288789354	1.78389997871996
4045	-0.763472604617569	3.91053237421397	-4.07975650047308	5.15446145533241e-05	0.00483278077107788	1.70902272364467
4250	-1.1814113904771	4.71909916616055	-4.0688256373483	5.43208903383775e-05	0.00483278077107788	1.66220809817255
480	-0.653048517230053	4.96971818383401	-4.06205211894789	5.54947422614538e-05	0.00483278077107788	1.64244477486649
4328	-0.794325606270132	5.36156597573233	-4.0615627897273	5.56079002421543e-05	0.00483278077107788	1.64114731735816
794	-0.716705967085106	5.6988573287208	-4.04976044822369	5.8404530799717e-05	0.00483278077107788	1.59756631671821
165	-0.744682955875399	4.71737325486453	-4.04570674931993	5.93955170622564e-05	0.00483278077107788	1.58091473512426
2693	-0.806638466624302	3.830086131015	-4.04284760297292	6.0104056209847e-05	0.00483278077107788	1.5710181344755
4630	-0.75417961696428	4.55400903373198	-4.03945931013463	6.09541159753397e-05	0.00483278077107788	1.55775199484845
2391	-0.83995018562815	4.13296543715698	-4.03600780856563	6.1836063516578e-05	0.00483278077107788	1.54487473211505
2160	-0.68353053218417	5.2310680957931	-4.03181425379066	6.29142380881179e-05	0.00483278077107788	1.53012630834476
1499	-0.688047214164508	4.82346906289898	-4.0273426330751	6.40882970995443e-05	0.00483278077107788	1.51287503254725
3302	-0.652228502930593	4.88369907179095	-4.00885368156319	6.91670931670255e-05	0.0050331938721253	1.44419211200962
3205	-0.715194531249384	5.10804474489004	-4.00779092928571	6.9470334906195e-05	0.0050331938721253	1.44054919607573
817	-0.802535497381899	4.6999149681512	-4.00080193608122	7.14961874063766e-05	0.00508035408589542	1.41412064418443
3103	-0.703608848951104	3.84569492025323	-3.96463992975526	8.29046745735313e-05	0.00560213719231898	1.28189673173001
3763	-0.772535825123736	4.65829994570257	-3.96247613321977	8.36393334190894e-05	0.00560213719231898	1.27316679582041
3318	-0.669110992249257	5.14547063889011	-3.95665853739113	8.5645250838198e-05	0.00560213719231898	1.25257454255434
869	-0.792011025407606	4.39159804646121	-3.9533747813452	8.67975327747307e-05	0.00560213719231898	1.24049099945391
3419	-0.76168554602112	4.87346036825341	-3.94856839748328	8.8510620339477e-05	0.00560213719231898	1.22256741682078
4647	-0.747373145615482	4.93810240827698	-3.94851096830188	8.85312815133629e-05	0.00560213719231898	1.22246235201447
4447	-0.650636838271713	4.81350314513352	-3.93501874012399	9.35140333017881e-05	0.00560213719231898	1.17306777557783
997	-0.819815891504102	5.26467521706524	-3.93008819911837	9.54062972103641e-05	0.00560213719231898	1.15608012041549
3893	-0.640227876319297	5.64242575634318	-3.92882434363856	9.58895568445547e-05	0.00560213719231898	1.15224694320598
120	-0.840047961838057	4.9882985773173	-3.92911767881699	9.58173906697171e-05	0.00560213719231898	1.15175743564245
2618	-0.732994910158847	5.41404966692378	-3.92428490314664	9.76665657548702e-05	0.00560213719231898	1.13530242687955
3783	-0.744378941286394	5.50735720112062	-3.92295508526907	9.81930114172287e-05	0.00560213719231898	1.13163322161971
754	-0.8390105406902	3.4428797318406	-3.91876263939667	9.98834614817359e-05	0.00560213719231898	1.11653955614903
2290	-0.71278723227827	3.8233681074708	-3.91827984469611	0.000100065238076604	0.00560213719231898	1.11321730938745
282	-0.650930680859371	4.79295640039912	-3.9121060823255	0.000102589363444583	0.0056577268347423	1.08991826842834
2914	-0.754559379696257	3.74102756508688	-3.90352088475118	0.000106199703578241	0.00574847141163971	1.0603282315903
2984	-0.647460860330903	5.0578766337045	-3.89781743404534	0.00010866428371859	0.00574847141163971	1.03891491336753
1716	-0.837229098366443	4.90250237203969	-3.89738976037972	0.000108902029449196	0.00574847141163971	1.03702145181991
2205	-0.839764152345948	5.03799110855129	-3.89196543030879	0.0001113054146738	0.00579139055079267	1.01740076825317
3027	-1.05354111429381	5.95445567195533	-3.88963417037693	0.000112849829406515	0.00579139055079267	1.00808581696214
2809	-0.704425563300893	3.80735528166237	-3.88424313557133	0.000114749430395894	0.00580820747003873	0.9906110168647
3554	-0.690431364565952	5.87819140650904	-3.87418985035786	0.000119462370925264	0.00589605659013821	0.956156368475664
4659	-1.04760377310065	6.18153427481885	-3.87495723382767	0.000119676385456121	0.00589605659013821	0.956096134259306
4467	-0.637590649821406	5.70328891480967	-3.86298962267189	0.000124928312668638	0.00607381730671864	0.915538682035391
740	-0.716182408397091	4.21489819291491	-3.84517500642402	0.000134111792289348	0.00614483976564207	0.852266248672632
2219	-0.664027975299682	3.35037036106602	-3.8362361864423	0.000138956583794234	0.00614483976564207	0.821569030732626
284	0.701080123127153	6.18340617637855	3.83265605263297	0.000140942973176639	0.00614483976564207	0.808704753429601
1665	-0.734313167945583	3.85915044525688	-3.83086274195321	0.00014194801863977	0.00614483976564207	0.802642724450354
2204	-0.828296435696032	5.98525357193185	-3.82556218028517	0.000145017560142766	0.00614483976564207	0.783036844005308
3750	-0.652171378136355	6.00680432640532	-3.82319490184999	0.000146322221453918	0.00614483976564207	0.775059171883656
2202	-0.894316100261815	7.08511457884677	-3.82141731063644	0.000147580458935618	0.00614483976564207	0.770995280161602
3204	-0.689358320484668	5.46490647633719	-3.82155982488872	0.000147271286828334	0.00614483976564207	0.767589735836093
545	-0.682432476517686	5.05186979150183	-3.81884149203251	0.000148861991636078	0.00614483976564207	0.757352711200857
2771	-0.68578364934782	3.55631101136285	-3.81671462209168	0.000150117881150481	0.00614483976564207	0.751519319291809
3897	-0.61870347566261	5.08165897139956	-3.81659454624519	0.000150189081830017	0.00614483976564207	0.749035679726981
1601	-1.01346207004599	5.03888261292188	-3.81415095034952	0.000152337442310849	0.00614483976564207	0.737014611578539
3558	-0.706487406739033	5.09317573661269	-3.81190088506683	0.000152997363582969	0.00614483976564207	0.732925268139844
4799	0.623510251942109	3.53614204119432	3.80582965801924	0.000156703414852986	0.00622601202023425	0.712146753693803
2357	-0.715626663187505	5.6788262438411	-3.79733136875718	0.000162033502534149	0.00636929565812424	0.682872534685337
3400	0.639643497813494	4.95908804945738	3.78409468518965	0.000170677392890688	0.00658402940889715	0.634085681628304
3892	-0.629877401002659	5.74177055050232	-3.78043654952834	0.000173141872033003	0.00658402940889715	0.623732695849294
4327	-0.732075408395766	6.00715563721064	-3.77972098543189	0.000173627853727418	0.00658402940889715	0.622158789617469
2483	-0.694602373409542	5.19756081005007	-3.77720571800726	0.000175346346501372	0.00658402940889715	0.610924474438552
5024	-0.651910052133593	3.11496275871341	-3.77566681222427	0.00017640565939941	0.00658402940889715	0.608039655404453
2372	-0.665169975717728	5.11851832149475	-3.77131341480373	0.000179435113132263	0.00659227893452414	0.590106803066094
365	-0.680699361905247	3.4589892821686	-3.77023244784755	0.000180194904570213	0.00659227893452414	0.589033987636191
297	-0.796821596333877	4.13605217711149	-3.76627380949599	0.00018301839940163	0.00662993123322572	0.574401793352933
2527	0.602557838203557	3.40475652452359	3.75179516321439	0.000193630448859191	0.00689470650505965	0.523312935284919
142	-0.651219569753585	4.26250130120713	-3.75122660837784	0.000194059398247958	0.00689470650505965	0.51897315452993
3608	-0.682693241929235	5.24077633331223	-3.7448886919505	0.000198902086050473	0.00699945912339521	0.498442659701555
618	-0.726365488713763	4.28130213696924	-3.74191125384178	0.000201216188713716	0.00701409261601115	0.486548564197573
2519	-0.656351224918544	5.06993612676478	-3.73198977802043	0.000209111663091978	0.00715432958448944	0.453504319659299
3592	-0.862883976646705	4.21750938184189	-3.73246669211422	0.00020908516270032	0.00715432958448944	0.453178242886347
2191	0.663321986749613	6.4875189979765	3.72785665328988	0.000212486110093199	0.00720308419077405	0.44334131317902
4919	-0.604174429629578	6.00215735584288	-3.72205021661561	0.000217313407798653	0.0072920244226423	0.421882555079593
4134	-0.775043331718663	6.57956130509859	-3.71998306773502	0.000219056755321596	0.0072920244226423	0.417032096961673
4208	-0.657419340680796	5.91619327649698	-3.71630758440119	0.000222189064042642	0.00733025528247824	0.401818103946747
1441	-0.600061261583281	5.78109890524357	-3.71062093503858	0.000227118511956521	0.00742657435114464	0.381876501273012
235	-0.635992978251144	4.42843251236095	-3.68896162437433	0.000246852287852926	0.00794799101181875	0.304279051739513
2110	-0.617948445044332	6.01553531558245	-3.6836368227679	0.000251944899143319	0.00794799101181875	0.290240320372187
916	-0.729441966234462	4.64697056402435	-3.68447155769117	0.000251140086351715	0.00794799101181875	0.288948748683778
4295	-0.642099368673577	4.09591847849956	-3.68329576791199	0.000252274425817477	0.00794799101181875	0.285542179148179
1869	-0.650152948864723	6.22740087940902	-3.67166604527803	0.000263756635719402	0.00794799101181875	0.250453451753189
3657	-0.717801814268336	4.27194650415595	-3.66852058006006	0.000266945580680571	0.00794799101181875	0.234364587514783
937	-0.704183493601671	3.76876217282802	-3.66290116041131	0.000272733061381498	0.00794799101181875	0.221243929604178
2362	-0.618200218059212	4.78130047838583	-3.6642273871196	0.000271356636048832	0.00794799101181875	0.220554880461991
4024	-0.713931713545183	5.59319973321769	-3.6626250505805	0.000273020446121041	0.00794799101181875	0.217161738494706
285	-0.616254498450108	5.49375213651642	-3.6611060198575	0.000274606602330853	0.00794799101181875	0.211758408654137
5002	-0.727625373114177	7.59904099628963	-3.65634856488479	0.000279630498097222	0.00794799101181875	0.20443649665313
662	-0.658787411745943	4.9747834369222	-3.65498773057414	0.000281083352122807	0.00794799101181875	0.189613634197352
3201	-0.660719948401872	5.31553332522374	-3.65395956055103	0.000282185747170214	0.00794799101181875	0.187014222588872
2203	-0.803199926801927	5.96016900546746	-3.65251248154248	0.00028389285962757	0.00794799101181875	0.184110320240221
1038	-0.974567909187561	6.1978009452489	-3.6527891710454	0.000284509044095713	0.00794799101181875	0.183623681312929
4325	-0.696124094435411	5.53930264910913	-3.64957201200137	0.00028693584862792	0.00794799101181875	0.172764546294026
2224	-0.665252930776546	6.50529504716085	-3.64840870776332	0.000288207818997045	0.00794799101181875	0.172640810152648
3333	-0.694819726596009	4.95665442012376	-3.64834562215773	0.000288276948706522	0.00794799101181875	0.168143576742692
3766	-0.668321508229867	6.87862029055049	-3.64495975387259	0.000292010144725225	0.00794799101181875	0.163814367473231
1663	-0.713406345275488	3.90419897441024	-3.6443692246769	0.000292665883662508	0.00794799101181875	0.156780077860797
4160	-0.764312918554938	5.49682362056977	-3.64048773849328	0.000297024637746694	0.00794799101181875	0.142404631384506
593	-0.723702590942131	4.8874715385445	-3.63961694388007	0.000297993512399832	0.00794799101181875	0.137533700576467
1596	-0.791876015347528	4.53425849930752	-3.63787319065942	0.000300139870691354	0.00794799101181875	0.13009256958043
996	-0.694478145541625	4.69037467033273	-3.63528855406234	0.000302925056379796	0.00794799101181875	0.122316451055134
2807	-0.747119029065958	6.29424326893054	-3.63346150366599	0.000305029616658325	0.00794799101181875	0.121771245144068
3794	-0.7151898409834	4.37193919512171	-3.63310335680765	0.000305443768248515	0.00794799101181875	0.114298106820234
4704	-0.63720126257551	3.38982709671914	-3.62513629956613	0.000314794296716818	0.00813402046411638	0.0926618207461543
945	-0.622585670094427	3.24696351399331	-3.62301476298141	0.000317329161059586	0.00814257812579979	0.0857966480189072
1676	-0.696290806120011	3.5932216533186	-3.61903493813206	0.000322136112876632	0.00820891680744245	0.0706268655368838
4953	-0.635688405192163	6.28164771662967	-3.61643144868158	0.000325317568773203	0.00823320833299304	0.0640878318845264
298	-0.672082961063403	3.7738554049302	-3.6109510655761	0.000332111181681032	0.00830731096609465	0.0421028066701119
3575	-0.686374855724942	4.07924629408939	-3.61044746472346	0.000332742090116917	0.00830731096609465	0.0393263615275847
3316	-0.690011524882847	3.63825534179777	-3.60644735026704	0.000337793498161491	0.00832766349465272	0.0290895133166238
4892	-0.653205578810721	4.78550024698068	-3.60623408403483	0.000338064823869529	0.00832766349465272	0.0278914359914681
339	-0.590318662430362	5.33112517952697	-3.60192104399264	0.000343596113502476	0.00840786516153411	0.011741034351239
3895	-0.617953260280451	5.27753327602667	-3.58716678591381	0.000363166394406318	0.00872621294992685	-0.0376742225279472
3896	-0.617953260280451	5.27753327602667	-3.58716678591381	0.000363166394406318	0.00872621294992685	-0.0376742225279472
467	-0.895268605842667	6.43182917565542	-3.57842432507765	0.000376154491946173	0.00879137851582346	-0.0635196933934576
580	-0.700879449722865	3.98097096330373	-3.57761010989285	0.000376395059298704	0.00879137851582346	-0.0657358077882311
910	-0.622670681387989	4.64719858345209	-3.57803582932479	0.000375796278696785	0.00879137851582346	-0.0694010332004034
1925	-0.659204493751219	3.55051593015474	-3.57569089144091	0.000379105586966273	0.00879137851582346	-0.073397468706899
4864	-0.89075994304472	5.07726119794946	-3.57561302923256	0.000380225044998857	0.00879137851582346	-0.0784156939266589
936	-0.75900203991841	4.43295025390634	-3.57463665757653	0.0003806821549477	0.00879137851582346	-0.0813017291006863
4668	-0.657011559865301	5.3734729288013	-3.57269341520545	0.000383375568466585	0.00879858835704369	-0.0837624647103175
590	0.682666306932036	5.24731136098534	3.56477554496641	0.000394872533491551	0.00889673497586674	-0.110311764699364
1907	-0.738018135252463	4.90814924288548	-3.564828435274	0.000394796190212863	0.00889673497586674	-0.112561646105531
2780	-0.66566850250652	3.38426148546665	-3.56152177883007	0.000399690084465581	0.00889673497586674	-0.119336901944368
1737	-0.707981323076509	4.60387981657653	-3.55924308687986	0.000403096653700541	0.00889673497586674	-0.131699778829518
4101	-0.633046811944204	4.13792085254352	-3.55843292493924	0.000404314358504601	0.00889673497586674	-0.134678444071223
2225	-0.737804348092912	6.67287820961125	-3.55279426004533	0.000412885407969469	0.00889673497586674	-0.145513852678172
471	-0.625856676420794	3.03627699046583	-3.55340850954941	0.000411943526417007	0.00889673497586674	-0.14722085278344
942	-0.638016862073336	4.71136716092531	-3.55095699780525	0.000415714691411464	0.00889673497586674	-0.158407762785999
5043	-0.614175790654924	4.88806264804657	-3.55079491936697	0.000415965152825183	0.00889673497586674	-0.159119337825777
2851	-0.726660810088958	5.82222179642425	-3.54813242454978	0.000420099811764463	0.00889673497586674	-0.164765314323684
3394	-0.661132489334848	4.46100738898928	-3.54852065100426	0.000419494537485365	0.00889673497586674	-0.167561682843385
3337	-0.659688983787407	5.10828918586553	-3.54727743593636	0.000421435687989715	0.00889673497586674	-0.170266835873319
3605	-0.826781019199848	4.37671639985449	-3.54699347949081	0.000422545637381146	0.00889673497586674	-0.173948148067447
1915	-0.61290922829238	4.96757227483876	-3.54426357560772	0.000426176479222845	0.00889673497586674	-0.18078462308227
1227	-0.591666457599784	6.65134283892675	-3.53309278877814	0.000444187070245746	0.00915714355253168	-0.210433781291418
515	-0.646004879927677	3.8304513697958	-3.53220528656403	0.00044564811305899	0.00915714355253168	-0.216619952354505
192	-0.639083781074461	5.08556921441119	-3.53194014151652	0.000446085477525224	0.00915714355253168	-0.220786239209494
3949	-0.596993520763897	5.76554881298056	-3.52766401734399	0.000453194779733173	0.00920085006106634	-0.232340572755177
4968	-0.621890190204182	3.35660973850652	-3.52167847780712	0.000463324279867872	0.009350213397359	-0.250019254196284
2462	-0.824517585813417	4.50359056508611	-3.52077060344394	0.000465612791641152	0.009350213397359	-0.259727259174745
2584	-0.676405310182579	4.29026158596632	-3.51257508123732	0.000479137011753441	0.00956979058610252	-0.285740616848518
2121	-0.639886813680401	6.49880174800852	-3.50822252377463	0.000486874521312609	0.00962781327293084	-0.29225659182531
660	-0.682266077508701	4.57027260224839	-3.50801109426608	0.000487253337493388	0.00962781327293084	-0.298197852628899
777	-0.735788677344818	5.43578648099308	-3.50636403458243	0.000490234092606763	0.00963518602224462	-0.302032276577767
2002	-0.81180194936628	7.55647000645244	-3.50067114719589	0.000500964784651486	0.00964448937217669	-0.312269132354158
540	-0.764016175256687	5.54234673386341	-3.50239559755172	0.000497624307993019	0.00964448937217669	-0.315963522331954
514	-0.638008564353703	3.83716973025118	-3.50162710822997	0.000498822098439171	0.00964448937217669	-0.316504124468773
4673	-0.642183363132224	3.83827916160959	-3.49570940183685	0.000509774755672009	0.00970936970210348	-0.338291666933329
3165	-0.595262028346506	4.77869864117965	-3.48921316173719	0.000522056778506323	0.00989230664913263	-0.360460569053141
493	-0.604602458911172	3.2639213789718	-3.47668023534765	0.000546537065383381	0.0102357632169339	-0.396018742025217
283	-0.682921572746443	3.50820628517897	-3.4757017005351	0.00054849285979781	0.0102357632169339	-0.398433945234712
1490	-0.623892047120209	3.2299653566396	-3.47170454222871	0.000556550055555419	0.0103339319360667	-0.412145818907824
160	-0.8128640981844	5.28426004431253	-3.46072354402091	0.000580089060190479	0.0105669727568396	-0.451661928783947
3866	-0.629973963096998	6.22471158874821	-3.45911499906935	0.000582655329367572	0.0105669727568396	-0.452521682872711
1010	-0.618641811740732	3.17086170918517	-3.45871344511961	0.000583506493242289	0.0105669727568396	-0.454213474979466
4818	-0.668968356006267	5.16496071236661	-3.45915219357162	0.000582576547786999	0.0105669727568396	-0.457064614969616
1742	0.726650863384381	4.47743984671866	3.45899612670583	0.000582942268803015	0.0105669727568396	-0.458786564500709
3338	-0.635653912308655	4.91481929875732	-3.45741832027015	0.000586259652273914	0.0105669727568396	-0.463458527278621
4503	-0.701613546879875	4.35985441986061	-3.45406242264896	0.000593450092862527	0.0105872777492799	-0.472617073848178
2739	-0.615822071760113	5.63013958310739	-3.45288973343147	0.000595982076278816	0.0105872777492799	-0.475126928749401
3464	-0.721966226443887	4.40628286661866	-3.45013121603724	0.000602013765279852	0.0106432577163113	-0.4877606736355
2452	-0.662806650165558	7.1777494090738	-3.42893086832785	0.000649971806237849	0.011382207696914	-0.544144500536749
3719	-0.67258783293284	7.61185069645167	-3.41654925199354	0.000679628279744272	0.0115856920165596	-0.581150457622205
3776	-0.648495430959005	5.71801827616814	-3.41728043655677	0.000677842481409494	0.0115856920165596	-0.588396340368559
3426	-0.747170912824803	4.52793192369665	-3.418180852315	0.000675962347936172	0.0115856920165596	-0.590303780208789
2025	-0.634859867270569	5.94912978869383	-3.41486187297547	0.000683766175932531	0.0115856920165596	-0.595124736206689
1569	-0.695299431699905	5.45313067117354	-3.41449180746341	0.000684676807591117	0.0115856920165596	-0.598621165472492
3043	-0.772989911655176	4.75533190651696	-3.41455292547717	0.000685171505651013	0.0115856920165596	-0.601694344299116
3262	-0.70272832921033	4.44592226963544	-3.41304029193492	0.000688259518940717	0.0115856920165596	-0.606432769415797
1096	-0.615073230829653	4.01400885774484	-3.41241383646226	0.000689811162014374	0.0115856920165596	-0.607379637846263
1879	-0.679527135115059	5.37367277958571	-3.40965370185797	0.000696686533285698	0.0116482205452066	-0.614368088815779
264	-0.641406034961924	3.58314384860595	-3.40199522504083	0.000716099299497661	0.0118654121598379	-0.636585220802269
4679	-0.614853837322633	5.95986043218847	-3.39732825067226	0.000728175056192066	0.0120116376456682	-0.650671076482578
1328	-0.593789686216651	3.42214301298736	-3.39022334088157	0.00074692359658341	0.0122118703069721	-0.671986457078829
983	-0.667978585112973	3.76088906991737	-3.38578717363354	0.000758856741479712	0.0123050732440893	-0.689724136466104
2419	-0.608028608826073	6.08819339597735	-3.37167864807086	0.000797998457874863	0.0127756002958231	-0.730448884424901
4119	-0.587107807114069	5.54457633113612	-3.37059955983361	0.000801068254666225	0.0127756002958231	-0.736747857632048
3694	-0.640664985563073	4.25942114765566	-3.36797582351532	0.000808578173093064	0.0127860569818737	-0.745402410159968
1993	-0.689245705413955	8.99984491189088	-3.36191108835751	0.000826188661924966	0.0127860569818737	-0.752890933612332
1101	-0.605804350719369	5.39104677146211	-3.36198192887274	0.000825980915138056	0.0127860569818737	-0.762613342334417
4622	-0.659686389292586	4.16894778201833	-3.36263137242365	0.000824078621338152	0.0127860569818737	-0.76462493020579
2053	-0.671408432873597	5.20525661149225	-3.360065158362	0.000831619197308858	0.0127860569818737	-0.77099835521487
1746	-0.601411772305933	6.41982973918322	-3.35700634394753	0.000840691056403781	0.0127860569818737	-0.774821986855786
2123	-0.686774252961577	5.66346503308946	-3.35818384783374	0.000837187964324399	0.0127860569818737	-0.775080046340484
49	-0.639594674839334	3.97123156933034	-3.3569465722019	0.000840869241297785	0.0127860569818737	-0.781912798799733
2810	-0.620769189751596	4.00395674591253	-3.34522145669622	0.000876510065341877	0.0131783048121897	-0.815983973183404
3378	-0.633370374469	5.38977753914939	-3.34494574133651	0.000877364812936037	0.0131783048121897	-0.817561675985854
3167	-0.722555090259578	5.51861236447488	-3.34158722164701	0.000888074945101956	0.0132851697253106	-0.827599294149995
4463	-0.738262074505038	4.07216453245478	-3.33130603852386	0.000921129257438466	0.0136142904249405	-0.862314438432747
436	-0.594303713041646	5.0435982632201	-3.32838237725939	0.000930157720507806	0.0136929592720173	-0.870463148978732
3029	-0.591377062356889	4.17743039644024	-3.32342779181852	0.000946513974811569	0.0137206903966239	-0.885798153882899
3947	-0.608700144969472	5.75406633983389	-3.32172536997929	0.000952195458061926	0.0137206903966239	-0.887203985184319
4464	-0.799044792401831	4.23370663583634	-3.32294966496094	0.000949630757266619	0.0137206903966239	-0.889842594552865
2297	-0.590245244794556	3.74189091932861	-3.31872238589126	0.00096229457651155	0.013781699458179	-0.897783120113302
821	-0.609862256320954	3.83713926481151	-3.31433922736715	0.000977213913190716	0.013918562307669	-0.912612342128265
280	-0.669291521381674	3.96353536681366	-3.30653321768457	0.00100431692657441	0.0141100800140398	-0.935983907191885
3968	-0.611635153709165	6.02208626841763	-3.30225444354444	0.00101946754760761	0.0142148399562646	-0.946602866544137
5027	-0.764841695808722	6.92251327956252	-3.29961137649302	0.00102972244210466	0.0143038512164538	-0.949871829907669
1613	-0.673807381788864	6.67695743965202	-3.29500961149165	0.00104560512024759	0.014362494123847	-0.96406111707053
3661	-0.624952333506686	4.40354579649934	-3.2968868959721	0.00103877330587486	0.0143347235540734	-0.969528624034523
1841	-0.625000068138856	5.49392622285533	-3.29256400664875	0.00105456769603949	0.0144319542106146	-0.979134582170701
2937	-0.747726019971686	7.13612962016412	-3.2883754397939	0.00107055532781073	0.0144897506822734	-0.982769730104691
205	-0.741321060573724	4.10980450617494	-3.28439114146325	0.00108585856249463	0.0146432386438601	-1.00768068375628
4389	-0.631084374752832	4.44640147098654	-3.27921394722378	0.00110476167660525	0.0148291054147741	-1.02326063181444
3071	-0.719990580672137	3.57140281536689	-3.27135597174731	0.00113575146226781	0.0150098806126346	-1.04242391648486
2289	-0.646930459267434	3.76486448442843	-3.26583322214166	0.00115728605675944	0.0150098806126346	-1.06118648732566
301	-0.614563473274159	5.50983230689407	-3.26504698017884	0.00116044320514251	0.0150098806126346	-1.06310150073095
2843	-0.604494292026459	5.57429563496456	-3.2597981486045	0.00118172517807404	0.0150786071095369	-1.07678451295149
723	-0.655405840139706	4.56015219152221	-3.25834570114793	0.00118767783971223	0.0150786071095369	-1.08395407026556
2380	-0.637962034573452	3.74834543903781	-3.25636741142112	0.00119583028433046	0.0150786071095369	-1.0862441147954
4171	-0.686344116457152	4.37971293914613	-3.25847940205848	0.0011871922948575	0.0150786071095369	-1.08630648434189
2174	-0.64693211620854	4.2675180672426	-3.25578101000349	0.00119825675994724	0.0150786071095369	-1.09418312017591
209	-0.700545874823987	5.54672142696779	-3.24007967611221	0.00126524855926937	0.0156357639682285	-1.13869831433506
4298	-0.596828664082435	4.09551587906939	-3.23794458644468	0.00127427779201603	0.0156386096525228	-1.14783939460204
355	-0.657730623059379	6.18755566553323	-3.23506222586887	0.00128697378834624	0.0156386096525228	-1.15001863946614
4012	-0.619624940406727	4.11257644752997	-3.23347744846118	0.00129400407053052	0.0156386096525228	-1.16003555599604
3963	-0.676463355202583	5.96683518194548	-3.22945658216614	0.00131200094955573	0.0157123745988018	-1.16542544659624
1908	-0.604976193412744	5.17733982010335	-3.22975807786642	0.00131064350360779	0.0157123745988018	-1.16872998581829
4102	-0.771041139798833	4.96037377022582	-3.22629340401556	0.00132793056952917	0.015777181525435	-1.18038955504436
2758	-0.657294754052417	6.05636745439661	-3.22208059492429	0.00134561832643946	0.0158639883695615	-1.189681630919
2986	-0.596753515173372	4.60320340420318	-3.2171928326328	0.00136833221046502	0.0159811910738655	-1.20922691835322
2404	-0.59475957160592	4.75612571417903	-3.21727474308672	0.00136794866134079	0.0159811910738655	-1.21075536230099
3263	-0.754190346112992	4.37634576426264	-3.21007793794377	0.00140360808489075	0.0161640085756594	-1.23359135154843
3433	-0.607231567294067	3.60373585871193	-3.20688144236109	0.00141741780442179	0.0161640085756594	-1.23637567706414
3625	-0.722264324705423	5.44545052357827	-3.20435791564619	0.00143048194972683	0.0161640085756594	-1.24650845133086
3606	-0.780952600907682	4.62653579461534	-3.20535161963298	0.00142705953369847	0.0161640085756594	-1.24779115025116
2199	-0.611820195783853	3.75488356993592	-3.19766689688791	0.00146265407855278	0.0163032056345295	-1.26305600981143
1804	-0.600004050740211	3.73931850647361	-3.1980734894333	0.00146063021545074	0.0163032056345295	-1.26416786132532
2300	-0.639716128724089	4.04663378398336	-3.19408317994966	0.00148060485666998	0.0164289337699567	-1.27750634391412
3544	-0.609796096930305	5.02095144703437	-3.19250510700255	0.0014885737607233	0.0164679043289599	-1.28249253781196
266	-0.607917652058739	3.55505437816416	-3.19115000261044	0.00149544832594258	0.0164681478063387	-1.28271003651966
133	-0.662053974290239	4.10234439175695	-3.18307746875802	0.00153705355827068	0.016655977399528	-1.31051589568468
1543	-0.673168286878129	4.43732987710827	-3.18229194803205	0.00154118178025555	0.016655977399528	-1.31089386227772
2464	-0.616872476470537	5.43714228024957	-3.18133107700705	0.00154614350420517	0.016655977399528	-1.31144525803651
4819	-0.751184968737276	4.98096855911954	-3.17783889730135	0.00156626062562293	0.0168236424758044	-1.32818010813011
1549	-0.616706032301422	5.50917442523372	-3.16780124395028	0.0016186003181414	0.0171860005044037	-1.35389781493814
4797	-1.01359384713739	5.77667164098028	-3.1641083951662	0.00164355551627352	0.0173189503258531	-1.36505850723929
4890	-0.697883610458375	4.92010425310935	-3.16230686306055	0.00164948424030291	0.0173189503258531	-1.37129812780074
3817	-0.589792289286135	3.78774670748661	-3.16129328762736	0.00165455736536567	0.0173189503258531	-1.37467764986238
3858	-0.79890429286962	4.71137535269422	-3.15380539289341	0.00169987267692947	0.0175071345615765	-1.39589783746549
4726	-0.587557918375378	4.72119241455607	-3.15028628339927	0.00171705346204882	0.0175748269868986	-1.40945253800407
2399	-0.599453239769567	4.88613476195209	-3.13887581412834	0.00178413239886578	0.0181607967322563	-1.44284466648948
1958	-0.690768465647538	6.81973172255602	-3.13238947200223	0.00182374723728758	0.0184118744310864	-1.45053360929176
3428	-0.593292020434618	4.17525502216349	-3.13044749937768	0.00183522191263455	0.01847723424301	-1.46451517876659
3861	0.651330258706396	4.49755974270098	3.12814235632538	0.00184947423344825	0.0185673768220345	-1.47191552856993
551	-0.734930373335382	6.38957981489491	-3.12520873996226	0.00186930018343622	0.0185673768220345	-1.47254153362177
2067	-0.652785293373396	3.86879187138852	-3.11662173179416	0.00192200763758934	0.0188787943161905	-1.50620081109591
2662	-0.617796214874571	6.70859314439831	-3.1120518292888	0.00195144430762964	0.0190011552403016	-1.50862194892552
2109	-0.621666876788257	6.77968938024631	-3.11041967679228	0.00196207670416718	0.0190011552403016	-1.51248056913986
3843	-0.636940548872944	6.07183300032589	-3.11156244020343	0.00195462677415029	0.0190011552403016	-1.51514954171659
3891	-0.692241589361089	4.66906283508655	-3.11020698984109	0.00196439548086474	0.0190011552403016	-1.52608104594861
1971	-0.614428230012079	7.21986853499072	-3.0971534492451	0.00205049590156186	0.0195441111904887	-1.54998679362972
473	-0.635444615550744	5.88675283424688	-3.10023758078424	0.00202961923466698	0.0194790729145311	-1.55009290754595
4518	0.767930346660782	4.5393580752618	3.09849833428799	0.00204446865461126	0.0195441111904887	-1.56036585142902
1646	-0.585046036548486	5.45758154164927	-3.09294475137336	0.00207930359377233	0.0197000686640737	-1.57181548857791
1247	-0.607966527717257	5.59823022741493	-3.08865287829191	0.00210906353309362	0.0199309200889537	-1.58225999394393
1364	-0.610145762610215	3.16624666239124	-3.08678938511851	0.00212210657001747	0.019952121567976	-1.58726593447449
4172	-0.593626992346487	4.35634740042627	-3.08452253778082	0.00213807274663466	0.0200512152254189	-1.60127050376527
2012	-0.668323382353423	4.39448706429886	-3.07713316991044	0.00219143525040632	0.020450282083908	-1.62033205642354
4519	-0.589272453442102	3.69240175059857	-3.06884559643257	0.00225154890524311	0.0206952069772967	-1.6372936235351
2014	-0.637640544746284	4.20957291530328	-3.05026105065844	0.00239328652426949	0.0214017026658155	-1.69615380682484
1163	-0.66747563097785	4.79917371350974	-3.04975047624065	0.00239791742994522	0.0214017026658155	-1.69749074451686
3859	-0.681941280449727	3.76896869177897	-3.02260323398403	0.00262012197759902	0.0226199782879168	-1.76700020241211
1960	-0.675748247492813	8.83369242584467	-3.01002319222091	0.0027289215518082	0.0231801497331754	-1.79125786556233
3230	-0.631272201193386	3.8885999258657	-3.01526636007502	0.00268249915721051	0.0228954216204366	-1.79604382490309
1202	-0.6977890539981	8.14610093170622	-2.9748435370688	0.00305747202550496	0.0247038448082911	-1.88768848506727
3865	-0.671558735511971	5.53815819837212	-2.98093276905768	0.00299823410904752	0.0245099005153331	-1.88972333404021
2361	-0.85839548335412	6.52647518281799	-2.97374305887835	0.00307328916100732	0.0247038448082911	-1.9019414286295
3964	-0.815293940721182	5.28284903416964	-2.96180411516341	0.00319275688909556	0.0253159585948672	-1.94584087638013
2398	-0.789052462798592	4.4857015087471	-2.94742020935024	0.00334217915387991	0.0258896267790068	-1.98845024490249
405	-0.620318455812873	4.76265323205129	-2.94312318723952	0.00338224084313405	0.0260362081570423	-1.99730694148506
3588	-0.598412083780424	5.58824033026619	-2.93294141050938	0.00349330206341804	0.0265290129684891	-2.02343628765081
4798	-0.632444059714789	4.77027769611307	-2.92957788508777	0.00353138554026805	0.0265752944425467	-2.03481596682672
403	-0.62942802596597	4.93372984515672	-2.91983800999944	0.00364182680504812	0.0271849495851572	-2.05818848702761
4309	-0.651935658423172	5.83284547827537	-2.89883189485157	0.00389160384245507	0.0281950513683754	-2.11114408346184
3944	-0.671288171447091	4.07307641876968	-2.90065422447086	0.00387091161788862	0.028155548086808	-2.11551526164479
3362	-0.771057894973263	4.76326629239041	-2.88872564450759	0.00402205071902347	0.0285879091211276	-2.13686157167112
2876	-0.596869731547536	5.99078218895611	-2.87030904046563	0.00425370403370002	0.0297678719782606	-2.19060884790181
582	-0.639217226462435	6.40434988659313	-2.86181558401555	0.00436873818222617	0.0300233543981791	-2.21035422730841
1145	-0.75051158634191	6.22154770086238	-2.83520934655544	0.0047497757807244	0.0320848656485862	-2.28314755544463
2929	-0.649571591056915	7.060498318937	-2.82553377989081	0.00488815313493274	0.0324851184057131	-2.30122502811394
2392	-0.602416869080791	4.25452609532048	-2.80875572561842	0.00514539944481912	0.033713647646635	-2.35863027037841
3279	-0.648518761494541	4.18298883447724	-2.80284196059965	0.00524166715844815	0.0340985213916653	-2.37203325504281
3045	-0.591163934744194	4.09629908068359	-2.79318066871002	0.00539553293911916	0.0348582298013744	-2.38891469830199
1562	-0.593657400109845	4.50035382304748	-2.75546386745235	0.00605012548719954	0.0374459190539402	-2.50031233481458
4598	-0.612783717737896	5.751199054689	-2.73341190931001	0.00646572966791265	0.0391653624966184	-2.5516355099984
2700	-0.624742485887531	4.25983103834022	-2.73466387452697	0.00644269619284817	0.0391172213471801	-2.55327425124066
3223	-0.592369808698768	4.01647122691827	-2.69413439541765	0.00726752310498149	0.0424229159034838	-2.6505883304144
2393	-0.608112957074062	4.36889982035847	-2.69222986024413	0.00730948432024477	0.0424229159034838	-2.65708508026919
1406	-0.631042509254988	6.31269223651943	-2.67092072989416	0.00778547374796419	0.0439195809140881	-2.70275610730244
4251	-0.804810696935071	5.02797686219582	-2.66147733820041	0.00801222782086095	0.0443855799071682	-2.73396104027469
4549	-0.761823706341176	6.87395970911977	-2.65843994383247	0.00808304646904184	0.0444583849630671	-2.73605522973463
3912	-0.616413958667686	5.24525727437175	-2.64858296879652	0.00831223130877744	0.0448401825995185	-2.76637604618189
3524	-0.645106952100862	5.5236595038476	-2.63554452148317	0.0086364758918693	0.0455232217124922	-2.79979594352729
3534	-0.597188630993473	4.65385972785543	-2.63299344386632	0.00869735796386782	0.0457137093548956	-2.8080663886981
1943	-0.615167016154601	4.71666919904734	-2.59313917949546	0.00976099224041728	0.0494462614392324	-2.90391999850117
1035	-0.796661149280565	5.39223145940488	-2.59124952937652	0.00982234259713033	0.0494462614392324	-2.90438182396395
2187	-0.693335923696452	8.30059068695164	-2.58345082284014	0.0100407379718433	0.04993341427451	-2.90448033680531
2396	-0.585718558101211	7.10598101568019	-2.58590669942576	0.00996219729636889	0.0496765438732565	-2.90604506099957
